SCA2 -3 -3 -3 -3
SCA2 -3 -3 -3 -3
SCA2 -3 -3 -3 -3
SCA2 -3 -3 -3 -3
SCA2 15 -3 -3 -3
SCA2 -3 6 -3 6
SCA2 -3 -3 -3 -3
SCA2 -3 -3 -3 -3
SCA2 0 -3 0 -3
SCA2 -3 -3 -3 -3
SCA2 -3 -3 -3 -3
SCA2 -3 -3 -3 -3
SCA2 -3 -3 -3 -3
SCA2 -3 -3 -3 -3
SCA2 -3 -3 -3 -3
SCA2 0 -3 -3 0
SCA2 -3 -3 -3 -3
SCA2 -3 -3 -3 -3
SCA2 -3 -3 -3 -3
SCA2 -3 -3 12 -3
SCA2 -3 -3 -3 -3
SCA2 12 -3 12 -3
SCA2 -3 -3 -3 -3
SCA2 0 -3 -3 -3
SCA2 -3 -3 -3 -3
SCA2 -3 -3 -3 -3
SCA2 -3 -3 -3 -3
SCA2 -3 -3 -3 0
SCA2 -3 -3 -3 -3
SCA2 -3 -3 -3 -3
SCA2 -3 -3 -3 12
SCA2 -3 -3 -3 -3
SCA2 -3 -3 -3 -3
SCA2 -3 -3 -3 -3
SCA2 -3 -3 -3 -3
SCA2 -3 -3 -3 -3
SCA2 12 -3 -3 12
SCA2 -3 -3 -3 -3
SCA2 -3 -3 -3 -3
SCA2 -3 -3 -3 -3
SCA2 -6 -3 -6 -3
SCA2 -3 -3 -3 -3
SCA2 -3 0 -3 0
SCA2 0 -3 0 -3
SCA2 -3 -3 -3 -3
SCA2 -3 -3 -3 -3
SCA2 -3 -3 -3 -3
SCA2 -3 -3 -3 -3
SCA2 -3 -3 -3 -3
SCA2 -3 0 -3 0
SCA2 -3 -3 -3 -3
SCA2 -3 -3 -3 -3
SCA2 -3 -3 -3 -3
SCA2 -3 -3 -3 -3
SCA2 -3 -3 -3 -3
SCA2 -3 -3 -3 -3
SCA2 -3 -3 -3 -3
SCA2 -3 -3 -3 -3
SCA2 -3 -3 -3 -3
SCA2 -3 -3 -3 -3
SCA2 -3 0 -3 0
SCA2 -3 -3 -3 -3
SCA2 -3 -3 -3 -3
SCA2 -3 -3 -3 -3
SCA2 -3 -3 -3 -3
SCA2 -3 -3 -3 -3
SCA2 -3 -3 -3 -3
SCA2 -3 -3 -3 -3
SCA2 0 -3 0 -3
SCA2 -3 -3 -3 -3
SCA2 -3 -3 -3 -3
SCA2 -3 -3 -3 -3
SCA2 -3 -3 -3 -3
SCA2 0 0 0 0
SCA2 -3 -3 -3 -3
SCA2 -3 -3 -3 -3
SCA2 -3 3 -6 0
SCA2 -3 -3 -3 -3
SCA2 -3 -3 -3 -3
SCA2 -3 -3 -3 -3
SCA2 -3 -3 -3 -3
SCA2 -3 -3 -3 -3
SCA2 -3 -3 -3 -3
SCA2 -3 -3 -3 -3
SCA2 -3 -3 -3 -3
SCA2 -3 -3 -3 -3
SCA2 0 -3 0 -3
SCA2 -3 -3 -3 -3
SCA2 0 -3 0 -3
SCA2 6 -3 6 -3
SCA2 -3 0 -3 0
SCA2 -3 -3 -3 -3
SCA2 -3 -3 -3 -3
SCA2 -3 -3 -3 -3
SCA2 -6 -3 -3 -3
SCA2 12 -3 12 -3
SCA2 -3 -3 -3 -3
SCA2 0 -3 -3 0
SCA2 0 -3 0 -3
SCA2 -3 -3 -3 -3
SCA2 -3 -3 -3 -3
SCA2 -3 -3 -3 -3
SCA2 -3 -3 -3 -3
SCA2 0 -3 0 -3
SCA2 -3 -3 0 -3
SCA2 -3 -3 -3 -3
SCA2 -3 -3 -3 -3
SCA2 -3 0 -3 0
SCA2 -3 -3 -3 -3
SCA2 -3 -3 -3 -3
SCA2 -3 -3 -3 -3
SCA2 -3 -3 -3 -3
SCA2 -3 0 -3 0
SCA2 -3 0 -3 0
SCA2 -3 18 -3 12
SCA2 -3 -3 -3 -3
SCA2 0 -3 0 -3
SCA2 -3 -3 -3 -3
SCA2 -3 -3 -3 -3
SCA2 -3 -3 -3 -3
SCA2 -3 -3 -3 -3
SCA2 -3 -3 -3 -3
SCA2 -3 -3 -3 -3
SCA2 -3 -3 -3 -3
SCA2 -3 -3 -3 -3
SCA2 -3 -3 -3 -3
SCA2 -3 -3 -3 -3
SCA2 -3 -3 -3 -3
SCA2 -3 -3 -3 -3
SCA2 -3 -3 -3 -3
SCA2 -3 -3 -3 -3
SCA2 0 -3 0 -3
SCA2 0 0 0 0
SCA2 -3 -3 -3 -3
SCA2 -3 18 -3 -3
SCA2 -3 -3 -3 -3
SCA2 -3 -3 -3 -3
SCA2 -3 -3 -3 -3
SCA2 -3 -3 -3 -3
SCA2 -3 -3 -3 -3
SCA2 -3 -3 -3 -3
SCA2 -3 -3 -3 -3
SCA2 -3 -3 -3 -3
SCA2 -3 -3 -3 -3
SCA2 -3 -3 -3 -3
SCA2 -3 -3 -3 -3
SCA2 -3 0 -3 0
SCA2 -3 -3 -3 -3
SCA2 -3 0 -3 0
SCA2 -3 -3 -3 -3
SCA2 -3 -3 -3 -3
SCA2 0 -3 0 -3
SCA2 -3 -3 -3 -3
SCA2 -3 -3 -3 -3
SCA2 -3 0 -3 0
SCA2 -3 -3 -3 -3
SCA2 -3 -3 -3 -3
SCA2 -3 -3 -3 -3
SCA2 -3 -3 -3 -3
SCA2 -3 -3 -3 -3
SCA2 -3 -3 -3 -3
SCA2 -3 -3 -3 -3
SCA2 -3 -3 -3 -3
SCA2 -3 0 0 -3
SCA2 -3 -3 -3 -3
SCA2 -3 -3 -3 -3
SCA2 -3 -3 -3 -3
SCA2 -3 -3 -3 -3
SCA2 -3 0 0 -3
SCA2 -3 -3 -3 -3
SCA2 -3 -3 -3 -3
SCA2 0 -3 0 -3
SCA2 0 -3 0 -3
SCA2 -3 0 -3 0
SCA2 -3 -3 -3 -3
SCA2 -3 -3 -3 -3
SCA2 3 -3 -3 -3
SCA2 -3 -3 -3 -3
SCA2 -3 -3 -3 -3
SCA2 -3 -3 -3 -3
SCA2 -3 -3 -3 -3
SCA2 -3 3 -3 0
SCA2 -3 -3 -3 -3
SCA2 -3 -3 -3 -12
SCA2 -3 -3 -3 -3
SCA2 -3 -3 -12 -3
SCA2 -3 -3 -3 -3
SCA2 -3 0 -3 0
SCA2 -3 0 -3 0
SCA2 -3 -3 -3 -3
SCA2 -3 -3 -3 -3
SCA2 -3 -3 -3 -3
SCA2 -3 3 -3 0
SCA2 -3 0 -3 0
SCA2 -3 -3 -3 -3
SCA2 -3 -3 -3 -3
SCA2 -3 -3 -3 -3
SCA2 -3 -3 -3 -3
SCA2 -3 -3 -3 -3
SCA2 -3 -3 -3 -3
SCA2 -3 -3 -3 -3
SCA2 -3 -3 -3 -3
SCA2 -3 -3 -3 -3
SCA2 -3 -3 -3 -3
SCA2 -3 -3 -3 -3
SCA2 -3 -3 -3 -3
SCA2 -3 -3 -3 -3
SCA2 -3 -3 -3 -3
SCA2 -3 -3 -3 -3
SCA2 0 -3 0 -3
SCA2 -3 -3 -3 -3
SCA2 0 -3 0 -3
SCA2 -3 0 -3 0
SCA2 -3 -3 -3 -3
SCA2 -3 0 -3 -3
SCA2 -3 -3 -3 -3
SCA2 -3 -3 -3 -3
SCA2 -3 -3 -3 -3
SCA2 -3 -3 -3 -3
SCA2 -3 -3 -3 -3
SCA2 0 -3 0 -3
SCA2 -3 -3 -3 -3
SCA2 -3 -3 -3 -3
SCA2 -3 -3 -3 -3
SCA2 -3 -3 -3 -3
SCA2 -3 -3 -3 -3
SCA2 -3 -3 -3 -3
SCA2 -3 0 -3 0
SCA2 -3 -3 -3 -3
SCA2 -3 -3 -3 -3
SCA2 12 -6 12 -6
SCA2 -3 9 -3 -3
SCA2 -3 -3 -3 -3
SCA2 -3 -3 -3 -3
SCA2 -3 -3 -3 -3
SCA2 -3 12 -3 12
SCA2 -3 -3 -3 -3
SCA2 -3 -3 -3 -3
SCA2 -3 -3 -3 -3
SCA2 -3 -3 -3 -3
SCA2 -3 15 -3 0
SCA2 -3 -3 -3 -3
SCA2 -3 -3 -3 -3
SCA2 -3 -3 -3 -3
SCA2 9 -3 -3 -3
SCA2 -3 -3 -3 -3
SCA2 -3 -3 -3 -3
SCA2 -3 -3 -3 -3
SCA2 -3 -3 -3 -3
SCA2 -3 -3 -3 -3
SCA2 -3 -3 -3 -3
SCA2 -3 -3 -3 -3
SCA2 12 12 12 12
SCA2 -3 -3 -3 -3
SCA2 -3 -3 -3 -3
SCA2 -3 -3 -3 -3
SCA2 -3 -3 -3 -3
SCA2 -3 -3 -3 -3
SCA2 -3 -3 -3 -3
SCA2 -3 -3 -3 -3
SCA2 -3 -3 -3 -3
SCA2 -3 -3 -3 -3
SCA2 -3 -3 -3 -3
SCA2 -3 -3 -3 -3
SCA2 -3 -3 -3 -3
SCA2 -3 -3 -3 -3
SCA2 -3 -3 -3 -3
SCA2 -3 -3 -3 -3
SCA2 -3 -3 -3 -3
SCA2 -3 -3 -3 -3
SCA2 -3 -3 -3 -3
SCA2 -3 -3 -3 -3
SCA2 -3 -3 -3 -3
SCA2 -3 -3 -3 -3
SCA2 -3 -3 -3 -3
SCA2 -3 12 -3 12
SCA2 -3 -3 -3 -3
SCA2 -3 -3 -3 -3
SCA2 -3 -3 -3 -3
SCA2 -3 0 -3 6
SCA2 0 0 0 0
SCA2 -3 0 -3 0
SCA2 -3 -3 -3 -3
SCA2 -3 -3 -3 -3
SCA2 -3 -3 -3 -3
SCA2 -3 -3 -3 -3
SCA2 -3 -3 -3 -3
SCA2 -3 -3 -3 -3
SCA2 -12 -3 -3 -3
SCA2 -3 -3 -3 -3
SCA2 24 0 -3 -3
SCA2 -3 -3 -3 -3
SCA2 -3 -3 -3 -3
SCA2 -3 -3 -3 -3
SCA2 -3 -3 -3 -3
SCA2 -3 -3 -3 -3
SCA2 -3 -3 -3 -3
SCA2 -3 -3 -3 -3
SCA2 -3 -3 -3 -3
SCA2 -3 -3 -3 -3
SCA2 -3 -3 -3 -3
SCA2 -3 -3 -3 -3
SCA2 -3 -3 -3 -3
SCA2 -3 -3 -3 -3
SCA2 -3 -3 -3 -3
SCA2 -3 -3 -3 -3
SCA2 -3 -39 -3 -3
SCA2 -3 -3 -3 -3
SCA2 -3 -3 -3 -3
SCA2 -3 -3 -3 -3
SCA2 0 -3 0 -3
SCA2 -3 -3 -3 -3
SCA2 -3 -3 -3 -3
SCA2 -3 -3 -3 -3
SCA2 -3 -3 -3 -3
SCA2 0 -3 0 -3
SCA2 -3 -3 -3 -3
SCA2 -3 -3 -3 -3
SCA2 0 18 0 18
SCA2 -3 0 -3 0
SCA2 -3 -3 -3 -3
SCA2 -3 -3 -3 -3
SCA2 -3 0 -3 0
SCA2 -3 0 -3 0
SCA2 -6 -3 -3 -3
SCA2 -3 0 -3 0
SCA2 -3 -3 -3 -3
SCA2 -3 -3 -3 -3
SCA2 -3 -3 -3 -3
SCA2 -3 -3 -3 -3
SCA2 -3 -3 -3 -3
SCA2 -3 -3 -3 -3
SCA2 3 -3 3 -3
SCA2 -3 0 -3 0
SCA2 -3 -3 -3 -3
SCA2 -3 -3 -3 -3
SCA2 -3 -3 -3 -3
SCA2 -3 -3 -3 -3
SCA2 -3 0 -3 -3
SCA2 -3 -3 -3 -3
SCA2 -3 0 -3 -3
SCA2 12 -3 12 -3
SCA2 -3 -3 -3 -3
SCA2 15 -3 0 -3
SCA2 -3 -3 -3 -3
SCA2 -3 -3 -3 -3
SCA2 -3 -3 -3 -3
SCA2 -3 -3 -3 -3
SCA2 -3 -3 -3 -3
SCA2 -3 3 -3 3
SCA2 -3 -3 -3 -3
SCA2 -3 -3 -3 -3
SCA2 -3 -3 -3 -3
SCA2 -3 -6 -3 -3
SCA2 -3 -3 -3 -3
SCA2 -3 -3 -3 -3
SCA2 -3 0 -3 0
SCA2 -3 -3 -3 -3
SCA2 -3 -3 -3 -3
SCA2 -3 -3 -3 -3
SCA2 -3 -3 -3 -3
SCA2 -3 -3 -3 -3
SCA2 -3 -3 -3 -3
SCA2 -3 6 -3 6
SCA2 0 -3 0 -3
SCA2 -3 -3 -3 -3
SCA2 -3 -3 -3 -3
SCA2 -3 -3 -3 -3
SCA2 -6 -3 -3 -6
SCA2 -3 -3 -3 -3
SCA2 -3 -24 -3 3
SCA2 -3 -3 -3 -3
SCA2 -3 -3 -3 -3
SCA2 -3 -6 -3 -3
SCA2 -3 -3 -3 -3
SCA2 -3 -3 -3 -3
SCA2 0 -3 0 -3
SCA2 -3 -3 -3 -3
SCA2 -3 -3 0 -3
SCA2 -3 -3 -3 -3
SCA2 -3 -3 -3 -3
SCA2 -3 -3 -3 -3
SCA2 -3 -3 -3 -3
SCA2 -3 -3 -3 -3
SCA2 -3 -3 -3 -3
SCA2 -3 0 -3 0
SCA2 -3 -3 -3 -3
SCA2 -3 -3 -3 -3
SCA2 -3 0 -3 0
SCA2 -3 -3 -3 -3
SCA2 -3 -3 -3 -3
SCA2 -3 -3 -3 -3
SCA2 -3 -3 -3 -3
SCA2 -3 -3 -3 -3
SCA2 -3 -3 -3 -3
SCA2 -3 -3 -3 -3
SCA2 -3 -3 -3 -3
SCA2 -3 -3 -3 -3
SCA2 -3 -3 -3 -3
SCA2 -3 -3 -3 -3
SCA2 -3 -3 -3 -3
SCA2 -3 -3 -3 -3
SCA2 -3 -3 -3 -3
SCA2 -3 -3 -3 -3
SCA2 -3 -3 -3 -3
SCA2 -3 0 -3 3
SCA2 -3 -3 -3 -3
SCA2 0 -3 0 -3
SCA2 -3 -3 -3 -3
SCA2 6 -3 -3 -3
SCA2 -3 -3 -3 -3
SCA2 -3 -3 -3 -3
SCA2 -3 -3 -3 -3
SCA2 -3 -3 -3 -3
SCA2 -3 -3 -3 -3
SCA2 -3 -3 -3 -3
SCA2 -3 -3 -3 -3
SCA2 -3 -3 -3 -3
SCA2 -3 -3 -3 -3
SCA2 -3 -3 -3 -3
SCA2 -3 -3 -3 -3
SCA2 -3 -3 -3 -3
SCA2 -3 -3 -3 -3
SCA2 -3 -3 -3 -3
SCA2 -3 -3 -3 -3
SCA2 -3 -3 -3 -3
SCA2 -3 -3 -3 -3
SCA2 0 -3 0 -3
SCA2 -3 12 -3 12
SCA2 0 -3 0 -3
SCA2 0 0 0 0
SCA2 -3 -3 -3 -3
SCA2 -3 -3 -3 12
SCA2 -3 -3 -3 -3
SCA2 -3 -3 -3 -3
SCA2 -3 0 -3 0
SCA2 -3 -3 -3 -3
SCA2 -3 -3 -3 -3
SCA2 -3 -3 -3 -3
SCA2 -3 0 -3 0
SCA2 -3 -3 -3 -3
SCA2 -3 -3 -3 -3
SCA2 0 -3 -3 0
SCA2 -3 -3 -3 -3
SCA2 0 -3 0 -3
SCA2 -3 -3 -3 -3
SCA2 -3 0 -3 0
SCA2 -3 -3 -3 -3
SCA2 -3 -3 -3 -3
SCA2 -3 -3 -3 -3
SCA2 -3 0 -3 0
SCA2 -3 -3 -3 -3
SCA2 -3 -3 -3 -3
SCA2 -3 -3 -3 -3
SCA2 -18 -3 -3 -3
SCA2 -3 -3 -3 -3
SCA2 -3 -3 -3 -3
SCA2 -3 -15 -3 0
SCA2 -3 -3 -3 -3
SCA2 -3 -3 -3 -3
SCA2 0 -3 0 -3
SCA2 -3 -3 -3 -3
SCA2 -3 -3 -3 -3
SCA2 -3 -3 -3 -3
SCA2 -3 -3 -3 -3
SCA2 -3 -3 -3 -3
SCA2 0 -3 0 -3
SCA2 -3 -3 -3 -3
SCA2 0 -3 0 -3
SCA2 -3 -3 -3 -3
SCA2 -3 -3 -3 -3
SCA2 -3 -3 -3 -3
SCA2 -3 -3 -3 -3
SCA2 -3 -3 -3 -3
SCA2 -3 -3 -3 -3
SCA2 -3 -3 -3 -3
SCA2 -3 -3 -3 -3
SCA2 -3 -3 -3 -3
SCA2 -3 -3 -3 -3
SCA2 -3 -3 -3 -3
SCA2 -3 -3 -3 -3
SCA2 0 0 0 0
SCA2 -3 -3 -3 -3
SCA2 -3 -3 -3 -3
SCA2 -3 -3 -3 -3
SCA2 -3 -3 -3 -3
SCA2 -3 -3 -3 -3
SCA2 -3 -3 -3 -3
SCA2 -3 -3 -3 -3
SCA2 -3 -3 -3 -3
SCA2 -3 -3 -3 -3
SCA2 -3 -3 -3 -3
SCA2 -3 -3 -3 -3
SCA2 12 -3 -3 -3
SCA2 18 -3 18 -3
SCA2 -3 -3 -3 -3
SCA2 -3 -3 -3 -3
SCA2 -3 -3 -3 -3
SCA2 -3 -3 -3 -3
SCA2 -3 -3 -3 -3
SCA2 -3 -3 -3 -3
SCA2 0 -3 0 -3
SCA2 -3 12 -3 12
SCA2 -3 0 -3 0
SCA2 -3 -3 -3 -3
SCA2 -3 -3 -3 -3
SCA2 -3 -3 -3 -3
SCA2 -3 -3 -3 -3
SCA2 -3 -3 -3 -3
SCA2 0 -3 0 -3
SCA2 -3 0 -3 0
SCA2 -3 -3 -3 -3
SCA2 -3 -3 -3 -3
SCA2 -3 -3 -3 -3
SCA2 -3 0 -3 0
SCA2 -3 -3 -3 -3
SCA2 -3 -3 -3 -3
SCA2 -3 -3 -3 -3
SCA2 -6 -3 -3 -3
SCA2 -3 -3 -3 -3
SCA2 -3 -3 -3 -3
SCA2 -3 0 -3 0
SCA2 -3 -3 -3 -3
SCA2 0 -3 0 -3
SCA2 -3 -3 -3 -3
SCA2 -3 -3 -3 -3
SCA2 -3 -3 -3 -3
SCA2 -3 -3 -3 -3
SCA2 -3 -3 -3 -3
SCA2 -3 -3 -3 -3
SCA2 -3 -3 -3 -3
SCA2 -3 0 -3 0
SCA2 -3 -3 -3 -3
SCA2 -3 -3 -3 -3
SCA2 -3 -3 -3 -3
SCA2 0 -3 0 -3
SCA2 -3 -3 -3 -3
SCA2 -3 -3 -3 -3
SCA2 -3 0 -3 0
SCA2 12 -3 12 -3
SCA2 -3 -3 -3 -3
SCA2 -3 -3 -3 -3
SCA2 -3 -3 -3 -3
SCA2 0 -3 0 -3
SCA2 -6 0 0 0
SCA2 -3 -3 -3 -3
SCA2 -3 -3 -3 -3
SCA2 -3 -3 -3 -3
SCA2 -3 -3 -3 -3
SCA2 -3 -3 -3 -3
SCA2 -3 0 -3 0
SCA2 -3 -3 -3 -3
SCA2 -3 -3 -3 -3
SCA2 -3 -3 -3 -3
SCA2 -3 -3 -3 -3
SCA2 -3 -3 -3 -3
SCA2 -3 -3 -3 -3
SCA2 -3 -3 -3 -3
SCA2 -3 -3 -3 -3
SCA2 -3 -3 -3 -3
SCA2 -3 -3 -3 -3
SCA2 -3 -3 -3 -3
SCA2 -3 -3 -3 -3
SCA2 6 -3 6 -3
SCA2 -3 -3 -3 -3
SCA2 -3 -3 -3 -3
SCA2 -3 -3 -3 -3
SCA2 -3 -3 -3 -3
SCA2 -3 -3 -3 -3
SCA2 -3 -3 -3 -3
SCA2 -3 -3 -3 -3
SCA2 -3 -3 -3 -3
SCA2 -3 -3 -3 -3
SCA2 -3 -3 -3 -3
SCA2 -3 -3 -3 -3
SCA2 -3 0 -3 0
SCA2 -3 -3 -3 -3
SCA2 -3 -3 -3 -3
SCA2 -3 -3 -3 -3
SCA2 -3 -3 -3 -3
SCA2 -3 -3 -3 -3
SCA2 -18 -9 -3 0
SCA2 -3 -3 -3 -3
SCA2 -3 0 -3 0
SCA2 -3 -3 -3 -3
SCA2 -3 -3 -3 -3
SCA2 -3 -3 -3 -3
SCA2 -3 12 -3 -3
SCA2 -3 -3 -3 -3
SCA2 -3 -3 -3 -3
SCA2 -3 -3 -3 -3
SCA2 -3 -3 -3 -3
SCA2 -3 -3 -3 -3
SCA2 -3 -3 -3 -3
SCA2 -3 -3 -3 -3
SCA2 -3 -3 -3 -3
SCA2 0 -3 0 -3
SCA2 -6 -3 0 -3
SCA2 -3 -3 -3 -3
SCA2 -3 -3 -3 -3
SCA2 -3 -3 -3 -3
SCA2 -3 -3 -3 -3
SCA2 -3 0 -3 0
SCA2 -3 -3 -3 -3
SCA2 12 12 -3 -3
SCA2 -3 -3 -3 -3
SCA2 -3 -3 -3 -3
SCA2 -3 -3 -3 -3
SCA2 12 12 12 12
SCA2 -3 -3 -3 -3
SCA2 -3 -3 -3 -3
SCA2 -3 -3 -3 -3
SCA2 -3 -3 -3 -3
SCA2 -3 -3 -3 -3
SCA2 -3 -3 -3 -3
SCA2 -3 12 -3 12
SCA2 -3 -3 -3 -3
SCA2 -3 -3 -3 -3
SCA2 -3 -3 -3 -3
SCA2 -3 3 -3 0
SCA2 -3 -3 -3 -3
SCA2 -3 -3 -3 -3
SCA2 -3 -3 -3 -3
SCA2 -3 -3 -3 -3
SCA2 -3 -3 -3 -3
SCA2 -3 -3 -3 -3
SCA2 -3 -3 -3 -3
SCA2 -3 -3 -3 -3
SCA2 0 -3 0 -3
SCA2 -3 -3 -3 -3
SCA2 -3 -3 -3 -3
SCA2 0 -3 0 -3
SCA2 -3 -3 -3 -3
SCA2 -3 -3 -3 -3
SCA2 -3 -3 -3 -3
SCA2 9 -3 -3 -3
SCA2 -3 -3 -3 -3
SCA2 -3 -3 -3 -3
SCA2 -3 -3 -3 -3
SCA2 -3 -3 -3 -3
SCA2 0 -3 0 -3
SCA2 0 -3 0 -3
SCA2 -3 -3 -3 -3
SCA2 -3 -3 -3 -3
SCA2 -3 -3 -3 -3
SCA2 -3 -6 -6 -3
SCA2 -3 -3 -3 -3
SCA2 -3 -3 -3 -3
SCA2 -3 -3 -3 -3
SCA2 -3 0 -3 0
SCA2 -3 -3 -3 -3
SCA2 -3 -3 -3 -3
SCA2 -3 -3 -3 -3
SCA2 -3 -3 -3 -3
SCA2 -3 -3 -3 -3
SCA2 -3 -3 -3 -3
SCA2 -3 -3 -3 -3
SCA2 -3 -3 -3 -3
SCA2 -3 -3 -3 -3
SCA2 -3 -3 -3 -3
SCA2 -3 0 -3 0
SCA2 -3 -3 -3 -3
SCA2 -3 -3 -3 -3
SCA2 0 0 0 0
SCA2 -3 -3 -3 -3
SCA2 -3 -3 -3 -3
SCA2 -3 0 -3 0
SCA2 -3 -3 -3 0
SCA2 -3 -3 -3 -3
SCA2 -3 -3 -3 -3
SCA2 -3 -3 -3 -3
SCA2 -3 -3 -3 -3
SCA2 -3 -3 -3 -3
SCA2 -3 -3 -3 -3
SCA2 0 -3 0 -3
SCA2 -3 -3 -3 -3
SCA2 -3 -3 -3 -3
SCA2 -3 -3 -3 -3
SCA2 -6 -3 -3 -3
SCA2 -3 -3 -3 -3
SCA2 -3 -3 -3 -3
SCA2 0 0 0 -3
SCA2 -3 -3 -3 -3
SCA2 -3 -3 -3 -3
SCA2 -3 -3 -3 -3
SCA2 -3 -3 -3 -3
SCA2 -3 0 -3 0
SCA2 -3 -3 -3 -3
SCA2 -3 -3 -3 -3
SCA2 -3 -3 -3 -3
SCA2 -3 -30 -3 -3
SCA2 -3 -3 -3 -3
SCA2 -3 -3 -3 -3
SCA2 -3 -3 -3 -3
SCA2 -3 -3 -3 -3
SCA2 -3 -3 -3 -3
SCA2 -3 -3 -3 -3
SCA2 0 0 0 0
SCA2 -3 -3 -3 -3
SCA2 -3 0 0 -3
SCA2 -3 -3 -3 -3
SCA2 -3 -3 -3 -3
SCA2 -3 -3 -3 -3
SCA2 -3 -3 -3 -3
SCA2 -3 -3 -3 -3
SCA2 -3 -3 -3 -3
SCA2 -3 0 -3 0
SCA2 -3 -3 -3 -3
SCA2 0 -3 -3 0
SCA2 -3 -3 -3 12
SCA2 0 -12 0 0
SCA2 -3 -3 -3 -3
SCA2 -3 -3 -3 -3
SCA2 -3 -3 -3 -3
SCA2 -3 -3 -3 -3
SCA2 -3 -3 -3 -3
SCA2 3 -3 -3 -3
SCA2 -12 -3 -3 -3
SCA2 -3 -3 -3 -3
SCA2 -3 -3 -3 -3
SCA2 24 -3 -3 -3
SCA2 -3 -3 -3 -3
SCA2 -3 -3 -3 -3
SCA2 -3 -3 -3 -3
SCA2 12 -3 12 -3
SCA2 -3 -3 -3 -3
SCA2 -3 -3 -3 -3
SCA2 0 -3 -3 -3
SCA2 0 -3 0 -3
SCA2 -3 -3 -3 -3
SCA2 -3 -3 -3 -3
SCA2 -3 -3 -3 -3
SCA2 -3 -3 -3 -3
SCA2 -3 -3 -3 -3
SCA2 -3 -3 -3 -3
SCA2 -3 -3 -3 -3
SCA2 -3 -3 -3 -3
SCA2 -3 -3 -3 -3
SCA2 -3 0 -3 0
SCA2 -3 -3 -3 -3
SCA2 -3 -18 -3 -3
SCA2 -3 -3 -3 -3
SCA2 -3 -3 -3 -3
SCA2 -3 0 -3 0
SCA2 0 -3 0 -3
SCA2 -3 -3 -3 -3
SCA2 -3 -3 -3 -3
SCA2 -3 -3 -3 -3
SCA2 -3 -3 -3 -3
SCA2 -3 -3 -3 -3
SCA2 -3 0 -3 0
SCA2 -3 -3 -3 -3
SCA2 0 -3 -3 3
SCA2 -3 -3 -3 -3
SCA2 -3 -3 -3 -3
SCA2 -3 -3 -3 -3
SCA2 -3 -3 -3 -3
SCA2 -3 -3 -3 -3
SCA2 -3 -3 -3 -3
SCA2 -3 0 0 -3
SCA2 -3 -3 -3 -3
SCA2 -3 12 12 -3
SCA2 12 -3 12 -3
SCA2 0 -3 0 -3
SCA2 -3 -3 -3 -3
SCA2 -3 -3 -3 -3
SCA2 -3 -3 -3 -3
SCA2 -3 -3 -3 -3
SCA2 -3 -3 -3 -3
SCA2 -3 -3 -3 -3
SCA2 -3 -3 -3 -3
SCA2 -3 -3 -3 -3
SCA2 -3 -3 -3 -3
SCA2 -3 -3 -3 -3
SCA2 -3 -3 -3 -3
SCA2 -3 -3 -3 -3
SCA2 -3 -3 -3 -3
SCA2 -3 -3 -3 -3
SCA2 -3 -3 -3 -3
SCA2 -3 0 -3 0
SCA2 0 -3 0 -3
SCA2 0 -3 0 -3
SCA2 -3 -3 -3 -3
SCA2 -3 -3 -3 -3
SCA2 -3 -3 -3 -3
SCA2 -3 -3 -3 -3
SCA2 -3 -3 -3 -3
SCA2 -3 -3 -3 -3
SCA2 -3 0 -3 0
SCA2 0 -3 -3 -3
SCA2 -3 -3 -3 -3
SCA2 -3 -3 -3 -3
SCA2 -3 -3 -3 -3
SCA2 -3 -3 -3 -3
SCA2 -3 0 -3 -3
SCA2 -3 -3 -3 -3
SCA2 -3 -12 -3 -3
SCA2 -3 -3 -3 -3
SCA2 -3 -3 -3 -3
SCA2 -3 -3 -3 -3
SCA2 -3 -3 -3 -3
SCA2 -3 -3 -3 -3
SCA2 -3 -15 -3 -3
SCA2 -3 -3 -3 -3
SCA2 -3 -3 -3 -3
SCA2 -3 -3 -3 -3
SCA2 -3 -3 -3 -3
SCA2 -3 -3 -3 -3
SCA2 -3 0 -3 0
SCA2 -3 -3 -3 -3
SCA2 -3 12 -3 12
SCA2 -3 -3 -3 -3
SCA2 -3 -3 -3 -3
SCA2 -3 -3 -3 -3
SCA2 -3 -3 -3 -3
SCA2 -3 -3 -3 -3
SCA2 -3 -3 -3 -3
SCA2 -3 -3 -3 -3
SCA2 -3 -3 -3 -3
SCA2 -3 -3 -3 -3
SCA2 -3 -3 -3 -3
SCA2 -3 -18 -3 -3
SCA2 -3 -3 -3 -3
SCA2 -3 -3 -3 -3
SCA2 -3 -3 -3 -3
SCA2 24 -3 -3 -3
SCA2 -3 -3 -3 -3
SCA2 -3 -3 -3 -3
SCA2 0 -3 0 -3
SCA2 -3 -3 -3 -3
SCA2 0 -3 0 -3
SCA2 -3 -3 -3 -3
SCA2 -3 -3 -3 -3
SCA2 -3 -3 -3 -3
SCA2 -3 -3 -3 -3
SCA2 -3 -3 -3 -3
SCA2 -3 -3 -3 -3
SCA2 -3 -3 -3 -3
SCA2 -3 -3 -3 -3
SCA2 -3 -3 -3 -3
SCA2 -3 -3 -3 -3
SCA2 -3 -3 -3 -3
SCA2 -3 -3 -3 -3
SCA2 -3 -3 -3 -3
SCA2 -3 -3 -3 -3
SCA2 -3 -3 -3 -3
SCA2 -3 -3 -3 -3
SCA2 -3 -3 -3 -3
SCA2 -3 -3 -3 -3
SCA2 -3 -3 -3 -3
SCA2 0 -3 0 -3
SCA2 12 -3 12 -3
SCA2 -3 -3 -3 -3
SCA2 -3 -3 -3 -3
SCA2 -3 -3 -3 -3
SCA2 -3 -3 -3 -3
SCA2 -3 -3 -3 -3
SCA2 -3 -3 -3 -3
SCA2 -3 -3 -3 -3
SCA2 -3 -3 -3 -3
SCA2 -3 -3 -3 -3
SCA2 -3 -3 -3 -3
SCA2 -3 -3 -3 -3
SCA2 -3 -3 -3 -3
SCA2 -3 -3 -3 -3
SCA2 -3 0 0 -3
SCA2 -3 -3 -3 -3
SCA2 -3 0 -3 0
SCA2 -3 -3 -3 -3
SCA2 -3 0 -3 -3
SCA2 0 -3 0 -3
SCA2 0 -3 0 -3
SCA2 -3 -3 -3 -3
SCA2 -3 -3 -3 -3
SCA2 0 -3 0 -3
SCA2 -3 -3 -3 -3
SCA2 12 -3 12 -3
SCA2 -3 -3 -3 -3
SCA2 -3 -3 -3 -3
SCA2 -3 -3 -3 -3
SCA2 -3 3 -3 3
SCA2 -3 0 -3 -24
SCA2 -3 -3 -3 -3
SCA2 0 -3 0 -3
SCA2 -3 -3 -3 -3
SCA2 -3 -3 -3 -3
SCA2 -3 -3 -3 -3
SCA2 -3 -3 -3 -3
SCA2 -3 -3 -3 -3
SCA2 -3 -3 -3 -3
SCA2 -3 -3 -3 -3
SCA2 -3 -3 -3 -3
SCA2 -3 -3 -3 -3
SCA2 -3 3 -3 -3
SCA2 -3 -3 -3 -3
SCA2 0 0 0 0
SCA2 -3 -3 -3 -3
SCA2 -3 -3 -3 -3
SCA2 -3 -3 -3 -3
SCA2 0 -3 -3 -3
SCA2 -3 -3 -3 -3
SCA2 -3 -3 -3 -3
SCA2 -3 -3 -3 -3
SCA2 -3 0 9 -3
SCA2 -3 -3 -3 -3
SCA2 -3 0 -3 0
SCA2 12 -3 12 -3
SCA2 -3 -3 -3 -3
SCA2 -3 -3 -3 -3
SCA2 -3 -3 -3 -3
SCA2 -3 -3 -3 -3
SCA2 -3 0 -3 0
SCA2 -3 -3 -3 -3
SCA2 -3 -3 -3 -3
SCA2 -3 -3 -3 -3
SCA2 -3 0 -3 -3
SCA2 12 -6 12 -6
SCA2 -3 -3 -3 -3
SCA2 -3 -3 -3 -3
SCA2 -3 -3 -3 -3
SCA2 -3 -3 -3 -3
SCA2 -3 -3 -3 -3
SCA2 -3 -3 -3 -3
SCA2 -3 -3 -3 -3
SCA2 -3 -3 -3 -3
SCA2 -3 -3 -3 -3
SCA2 -3 -3 -3 -3
SCA2 -3 0 -3 0
SCA2 -3 -3 -3 -3
SCA2 -3 -3 -3 -3
SCA2 -3 -3 -3 -3
SCA2 -3 -3 -3 -3
SCA2 -3 -3 -3 -3
SCA2 -3 0 0 -3
SCA2 -3 -3 -3 -3
SCA2 -3 -3 -3 -3
SCA2 -3 -3 -3 -3
SCA2 -3 -3 -3 -3
SCA2 -3 -3 -3 -3
SCA2 -3 -3 -3 -3
SCA2 -3 0 -3 0
SCA2 -3 -3 -3 -3
SCA2 -3 -3 -3 -3
SCA2 -3 -3 -3 -3
SCA2 -3 -3 -3 -3
SCA2 12 -3 12 -3
SCA2 -3 -3 -3 -3
SCA2 -3 -3 -3 -3
SCA2 -3 0 -3 0
SCA2 -3 -3 -3 -3
SCA2 -3 -3 -3 -3
SCA2 -3 -3 -3 -3
SCA2 0 -3 0 -3
SCA2 -3 -3 -3 -3
SCA2 -3 -3 -3 -3
SCA2 -3 0 -3 0
SCA2 -3 -3 -3 -3
SCA2 -3 -3 -3 -3
