SCA17 -3 -3 -3 -6
SCA17 3 -6 3 -6
SCA17 0 0 0 0
SCA17 -6 0 -6 0
SCA17 6 3 -3 -3
SCA17 -3 -9 -3 -9
SCA17 -18 0 -18 0
SCA17 -6 -3 -6 -3
SCA17 -6 0 -6 0
SCA17 -18 -9 -6 -9
SCA17 -3 -9 -3 -9
SCA17 -3 0 -3 0
SCA17 0 -9 0 -9
SCA17 0 0 0 0
SCA17 -6 -15 -6 -15
SCA17 -3 0 -3 0
SCA17 3 3 0 0
SCA17 0 -3 -3 0
SCA17 -21 -3 0 -3
SCA17 -3 -9 -3 -9
SCA17 -6 0 -6 0
SCA17 -3 0 -3 0
SCA17 0 -18 0 -3
SCA17 -3 -3 -3 -3
SCA17 -6 -3 -6 -3
SCA17 0 -3 0 -3
SCA17 3 -6 0 -6
SCA17 -6 0 -6 0
SCA17 -6 0 -6 0
SCA17 0 -6 0 -6
SCA17 -3 -3 -3 -3
SCA17 -3 -3 -3 -3
SCA17 6 0 0 0
SCA17 0 -3 0 -3
SCA17 0 -9 -3 -9
SCA17 -3 3 -3 3
SCA17 3 -6 3 -6
SCA17 0 3 0 0
SCA17 -3 -6 -3 -6
SCA17 -6 -6 -9 -6
SCA17 -6 0 -6 0
SCA17 -3 -3 -3 -3
SCA17 0 -3 0 0
SCA17 -3 -3 3 -3
SCA17 -21 -9 0 -9
SCA17 -3 -6 -3 -6
SCA17 -3 -3 -3 -3
SCA17 0 6 0 3
SCA17 3 -3 0 -3
SCA17 0 0 0 -3
SCA17 -6 -6 -6 -6
SCA17 -3 -6 -3 -6
SCA17 3 0 0 0
SCA17 0 -3 0 0
SCA17 0 -6 0 -6
SCA17 0 -6 -6 -6
SCA17 0 3 0 0
SCA17 -6 -3 -6 0
SCA17 -3 0 -3 0
SCA17 0 0 0 0
SCA17 3 0 0 0
SCA17 0 -6 0 -6
SCA17 -3 0 0 -3
SCA17 -3 -57 -6 -3
SCA17 -3 -9 -3 -9
SCA17 -27 -6 0 -6
SCA17 0 0 -3 0
SCA17 -6 0 -6 0
SCA17 -3 -6 -3 -6
SCA17 0 0 0 0
SCA17 -6 0 -6 0
SCA17 -9 -6 -9 -6
SCA17 -6 -3 -6 -3
SCA17 0 0 0 0
SCA17 0 -9 -3 -9
SCA17 -3 0 -3 0
SCA17 0 0 0 -3
SCA17 0 0 0 0
SCA17 0 -6 0 -6
SCA17 0 -3 0 -3
SCA17 -3 -6 -6 -6
SCA17 0 -6 0 -6
SCA17 -24 3 -3 0
SCA17 -3 -3 -3 -3
SCA17 -3 0 -3 0
SCA17 -6 -3 -6 0
SCA17 -6 0 -6 0
SCA17 -6 -18 -6 -9
SCA17 -3 -3 -3 -3
SCA17 6 -3 6 -3
SCA17 -15 -12 -15 -12
SCA17 0 -21 -3 -21
SCA17 -3 -3 -3 -6
SCA17 0 0 0 0
SCA17 -3 -9 -3 -9
SCA17 0 -3 0 -3
SCA17 -3 3 -3 3
SCA17 -3 -3 -3 -6
SCA17 -3 -3 0 -3
SCA17 -18 -9 -3 -9
SCA17 -18 -21 -3 -18
SCA17 -6 0 -6 0
SCA17 -9 0 -9 0
SCA17 -3 6 0 -6
SCA17 -9 -6 -9 -9
SCA17 0 -6 0 -6
SCA17 -6 -6 -6 -6
SCA17 -9 -9 -9 -12
SCA17 0 -27 0 -27
SCA17 0 -3 0 -3
SCA17 -6 -3 -6 -27
SCA17 -3 -3 -3 -3
SCA17 -3 0 -3 0
SCA17 -9 -6 -9 -6
SCA17 -6 -3 -6 -6
SCA17 0 -6 0 -6
SCA17 0 0 0 0
SCA17 0 -3 3 -3
SCA17 -6 -6 -6 -6
SCA17 -6 0 -6 -3
SCA17 0 0 0 0
SCA17 0 0 0 0
SCA17 -3 -6 -3 -6
SCA17 -9 -3 -9 -3
SCA17 0 0 0 0
SCA17 -3 -3 -3 -3
SCA17 -6 -3 -6 -3
SCA17 0 -3 0 -3
SCA17 3 3 -3 0
SCA17 0 0 0 0
SCA17 0 3 0 0
SCA17 0 -3 0 -3
SCA17 3 12 0 3
SCA17 -9 0 -9 0
SCA17 -3 0 -3 0
SCA17 3 -9 0 -9
SCA17 0 -6 0 -6
SCA17 0 -3 0 -3
SCA17 -6 0 -6 0
SCA17 0 -24 0 -24
SCA17 3 0 0 0
SCA17 -3 -3 -3 -3
SCA17 -6 0 -9 0
SCA17 3 -9 0 -9
SCA17 0 -6 0 -9
SCA17 0 -6 0 -6
SCA17 -3 0 -3 0
SCA17 0 -9 0 -9
SCA17 0 3 0 -6
SCA17 -3 -6 -6 -6
SCA17 -6 0 3 -6
SCA17 -3 -6 -3 -6
SCA17 -3 -6 -3 -6
SCA17 -6 -3 -6 -3
SCA17 0 -9 0 -9
SCA17 -3 -3 -3 -3
SCA17 -3 -6 -3 -6
SCA17 -6 0 -6 0
SCA17 -18 -24 -3 -3
SCA17 -3 -6 -3 -6
SCA17 -3 0 -3 0
SCA17 -6 0 -6 0
SCA17 -3 0 -3 0
SCA17 -3 0 -3 0
SCA17 -6 -6 -6 -6
SCA17 -3 -3 -3 -3
SCA17 -9 0 -9 0
SCA17 -6 -18 -6 -18
SCA17 0 -6 -3 -6
SCA17 -6 -3 -6 -3
SCA17 0 -3 0 -3
SCA17 -3 -57 -3 -3
SCA17 -3 -9 -3 -9
SCA17 0 -6 -6 0
SCA17 -6 -3 0 -6
SCA17 -3 -3 0 -6
SCA17 -9 9 -9 6
SCA17 -3 0 0 -3
SCA17 -3 -27 -3 -27
SCA17 -24 -6 -3 -6
SCA17 -6 -9 -6 -9
SCA17 -3 0 -3 0
SCA17 -6 -3 -6 -3
SCA17 -12 3 -12 0
SCA17 -3 -6 -3 -3
SCA17 3 -9 -3 -9
SCA17 0 -9 0 -9
SCA17 6 6 0 0
SCA17 -3 0 -9 -6
SCA17 -3 0 -3 0
SCA17 0 -3 0 0
SCA17 -9 -3 -9 -3
SCA17 -6 -3 -6 -3
SCA17 -6 -3 -6 -3
SCA17 0 -3 -3 -3
SCA17 -18 -6 0 -6
SCA17 -3 -3 -3 -3
SCA17 -3 -6 -3 -6
SCA17 -3 -6 -3 -6
SCA17 0 0 0 0
SCA17 -6 0 -6 -3
SCA17 -6 0 0 0
SCA17 0 6 0 3
SCA17 0 0 0 0
SCA17 -6 0 -6 0
SCA17 0 0 0 0
SCA17 0 3 -3 -3
SCA17 -3 -6 0 -6
SCA17 -3 0 -6 0
SCA17 -6 0 -6 0
SCA17 -3 0 -3 0
SCA17 -3 -3 -3 0
SCA17 -6 0 -6 0
SCA17 6 -3 9 -3
SCA17 3 0 0 0
SCA17 -6 0 -6 0
SCA17 -3 3 -3 3
SCA17 0 -3 0 -3
SCA17 0 -3 0 -3
SCA17 -6 0 -6 0
SCA17 -3 -3 -3 3
SCA17 3 0 0 0
SCA17 -24 0 -3 0
SCA17 -3 0 -3 -6
SCA17 3 0 0 0
SCA17 0 -3 0 -3
SCA17 -6 0 0 -3
SCA17 -3 -3 -3 -3
SCA17 -3 -6 -3 -6
SCA17 -9 -6 -6 0
SCA17 -6 3 -6 0
SCA17 -9 0 -9 0
SCA17 3 0 0 0
SCA17 -6 0 -6 0
SCA17 0 0 0 0
SCA17 -3 -3 0 -3
SCA17 -3 -18 -3 -18
SCA17 0 -12 0 -12
SCA17 0 -6 0 -6
SCA17 0 -3 0 0
SCA17 -9 0 -9 0
SCA17 -3 -3 0 0
SCA17 -3 -6 -3 -9
SCA17 -6 -6 -6 -6
SCA17 0 0 0 0
SCA17 -6 -6 0 -6
SCA17 3 -24 3 -3
SCA17 -6 -6 -6 -6
SCA17 -6 -3 -6 -3
SCA17 3 -6 0 -6
SCA17 0 0 0 0
SCA17 -24 -3 -6 -3
SCA17 0 -6 0 -6
SCA17 -6 -3 -6 -3
SCA17 -21 -6 -21 -6
SCA17 0 -9 0 -9
SCA17 -3 -3 -3 -3
SCA17 -9 -3 -9 -3
SCA17 -3 3 -3 0
SCA17 9 3 3 3
SCA17 -6 -3 -6 -3
SCA17 0 0 0 0
SCA17 -3 -3 0 -3
SCA17 -3 0 -3 0
SCA17 0 -6 0 -9
SCA17 3 0 0 0
SCA17 -3 0 -6 0
SCA17 -6 0 -6 0
SCA17 3 0 0 0
SCA17 -6 0 -6 0
SCA17 -6 -3 -9 0
SCA17 0 -3 0 -3
SCA17 0 0 0 0
SCA17 0 -6 0 -6
SCA17 -15 0 -18 0
SCA17 -9 -3 -9 -3
SCA17 0 -24 0 -3
SCA17 -3 0 -3 0
SCA17 0 -6 0 -6
SCA17 -9 -6 -9 0
SCA17 -9 -15 -9 -15
SCA17 -9 -12 -6 -12
SCA17 -9 -3 -9 -3
SCA17 -3 -3 -3 -3
SCA17 0 0 -3 0
SCA17 0 0 0 0
SCA17 -6 -6 -6 -6
SCA17 0 0 0 0
SCA17 -3 -6 -3 -6
SCA17 0 -6 0 -6
SCA17 0 0 0 0
SCA17 3 0 0 0
SCA17 -6 -3 -6 -3
SCA17 -9 -6 -9 -6
SCA17 3 -3 0 -3
SCA17 -6 -9 0 -9
SCA17 0 -3 0 -3
SCA17 -3 0 -6 0
SCA17 -3 -9 -3 -9
SCA17 3 -27 0 -27
SCA17 -9 -3 -9 -6
SCA17 -9 -6 -6 -6
SCA17 0 -3 0 -3
SCA17 -9 -9 -6 -9
SCA17 -9 -9 -6 -6
SCA17 0 -6 0 -6
SCA17 0 0 0 0
SCA17 0 -3 0 -3
SCA17 -3 6 -6 3
SCA17 -18 -3 -18 -3
SCA17 -3 -3 -3 -3
SCA17 0 0 0 0
SCA17 -3 0 -3 0
SCA17 0 0 0 0
SCA17 -3 0 -6 0
SCA17 0 -3 0 -3
SCA17 0 -9 0 -9
SCA17 -6 0 -6 0
SCA17 72 -15 0 -15
SCA17 3 -3 -9 -9
SCA17 -6 -6 0 -6
SCA17 -3 -6 -6 -6
SCA17 -15 -9 -15 -9
SCA17 -6 0 -6 0
SCA17 0 -3 0 0
SCA17 0 -3 0 -3
SCA17 0 -3 0 -3
SCA17 3 -6 3 -6
SCA17 0 -3 0 -3
SCA17 -9 3 -9 0
SCA17 -3 3 0 0
SCA17 -3 -3 -3 -3
SCA17 0 0 0 -3
SCA17 0 -3 0 -3
SCA17 -3 0 -3 0
SCA17 0 -3 0 -3
SCA17 -18 -6 -3 -6
SCA17 0 3 3 0
SCA17 -9 0 -9 0
SCA17 0 9 0 -3
SCA17 -3 -6 -6 -3
SCA17 -3 3 -3 0
SCA17 -6 0 -6 0
SCA17 -6 -6 -6 -6
SCA17 -3 -3 -3 -3
SCA17 -6 0 -6 0
SCA17 -3 -18 -3 0
SCA17 0 0 0 0
SCA17 -9 0 -9 0
SCA17 -12 -6 -12 3
SCA17 -6 0 -6 -3
SCA17 0 -6 0 -6
SCA17 3 0 -3 0
SCA17 0 -3 -3 -3
SCA17 -9 -9 -9 -9
SCA17 0 0 0 0
SCA17 -3 -3 -3 -3
SCA17 0 -6 0 -6
SCA17 -6 -6 -6 -6
SCA17 0 0 0 0
SCA17 -3 -18 -3 -18
SCA17 0 -3 0 0
SCA17 -3 -3 0 -3
SCA17 0 -12 -3 -12
SCA17 -12 -12 -12 -12
SCA17 -24 0 -3 0
SCA17 -3 0 -3 0
SCA17 -6 0 -6 0
SCA17 3 -3 3 -3
SCA17 -6 0 -6 0
SCA17 0 -27 0 -27
SCA17 6 -6 6 -6
SCA17 -6 -3 -6 -3
SCA17 -3 -3 0 -3
SCA17 0 0 0 0
SCA17 -6 -9 -6 -9
SCA17 0 -6 0 -6
SCA17 -6 -3 -9 -3
SCA17 3 3 0 -3
SCA17 3 -3 0 0
SCA17 -3 0 -3 0
SCA17 -6 -6 -6 -6
SCA17 -6 -9 -9 -6
SCA17 -9 0 -9 -3
SCA17 -6 0 -6 0
SCA17 -3 -3 -3 -3
SCA17 0 -6 0 -9
SCA17 0 3 0 3
SCA17 -3 0 0 0
SCA17 0 0 0 3
SCA17 -3 0 -3 -3
SCA17 -6 0 -6 0
SCA17 -3 -6 -3 -6
SCA17 -3 -6 -3 -6
SCA17 0 -3 0 -3
SCA17 0 -6 0 -6
SCA17 -3 -3 -3 -3
SCA17 -3 -6 -3 -6
SCA17 -6 -9 -6 -6
SCA17 -18 -9 -3 -9
SCA17 -9 3 -9 3
SCA17 0 -18 0 -3
SCA17 -6 0 -6 0
SCA17 -6 0 0 -6
SCA17 -9 0 -9 0
SCA17 -15 -12 -15 -6
SCA17 -9 0 -9 0
SCA17 -12 -15 -12 -15
SCA17 12 -3 -3 -3
SCA17 -3 -24 -3 -24
SCA17 -3 72 -3 0
SCA17 0 -3 0 -3
SCA17 0 3 0 3
SCA17 -3 0 -6 0
SCA17 0 -6 0 -6
SCA17 -3 -3 -3 -6
SCA17 0 -3 0 -3
SCA17 -6 -3 -6 -3
SCA17 0 -12 -3 -12
SCA17 6 -6 -3 -6
SCA17 -3 -3 -3 -3
SCA17 -3 0 -3 0
SCA17 -6 -3 -6 -3
SCA17 0 -3 0 -3
SCA17 -3 0 -3 0
SCA17 -6 0 -6 0
SCA17 -3 -6 -3 -18
SCA17 -24 -3 -3 0
SCA17 -3 0 -6 0
SCA17 -6 0 -6 0
SCA17 -9 0 -6 -6
SCA17 0 0 0 0
SCA17 -3 0 -3 -3
SCA17 -3 -3 -3 -3
SCA17 0 -6 0 -6
SCA17 0 0 0 0
SCA17 0 0 -3 0
SCA17 -3 0 -3 -3
SCA17 -3 -3 0 -3
SCA17 -3 -6 -6 -6
SCA17 -9 -3 -9 -3
SCA17 0 3 0 0
SCA17 -3 0 -3 0
SCA17 0 -6 0 -6
SCA17 3 -9 3 -9
SCA17 -3 -6 -3 -6
SCA17 0 0 0 0
SCA17 -6 -6 -6 0
SCA17 -6 0 -6 0
SCA17 -3 -3 -3 -6
SCA17 -3 -3 -3 -3
SCA17 -6 0 -6 0
SCA17 0 0 0 0
SCA17 -3 3 -3 0
SCA17 -3 -9 0 -9
SCA17 0 0 0 0
SCA17 0 -6 0 -9
SCA17 0 -6 0 -6
SCA17 -6 -6 -6 -6
SCA17 -3 -6 0 -6
SCA17 -6 -6 -6 -6
SCA17 0 0 0 0
SCA17 -3 -6 0 -6
SCA17 -6 -6 -6 -6
SCA17 -3 0 -3 0
SCA17 -6 6 -6 0
SCA17 -3 3 -3 -6
SCA17 0 3 0 -6
SCA17 0 -3 3 -3
SCA17 0 -6 0 -6
SCA17 -3 -3 -3 -3
SCA17 -3 -3 -3 -3
SCA17 -9 -3 -6 -6
SCA17 -6 -3 -3 -6
SCA17 0 -3 0 -3
SCA17 -6 -18 -9 -3
SCA17 0 3 0 0
SCA17 -3 0 -6 0
SCA17 -6 -3 -6 -3
SCA17 -6 -6 -6 -6
SCA17 -3 -6 -3 -6
SCA17 -6 -9 -9 -6
SCA17 -6 0 -6 0
SCA17 3 0 3 0
SCA17 -3 -9 -3 -9
SCA17 0 -6 0 -6
SCA17 -6 0 -6 0
SCA17 -3 0 -3 0
SCA17 -3 -9 -3 -9
SCA17 0 0 0 0
SCA17 -24 3 -24 0
SCA17 9 0 0 0
SCA17 0 0 0 0
SCA17 -3 -6 -3 -6
SCA17 0 3 0 -3
SCA17 -27 -3 0 -6
SCA17 -3 -9 -3 -9
SCA17 -3 -6 -3 -6
SCA17 0 3 -3 0
SCA17 0 0 0 0
SCA17 -12 3 -12 0
SCA17 -6 -15 -6 -15
SCA17 0 0 0 0
SCA17 0 -3 0 -3
SCA17 0 0 0 0
SCA17 -3 0 -3 0
SCA17 -3 -3 -3 -6
SCA17 0 -15 0 0
SCA17 -3 -3 -3 -3
SCA17 -24 0 -3 0
SCA17 -3 3 -3 0
SCA17 -3 0 -3 0
SCA17 0 0 0 0
SCA17 0 -3 0 -3
SCA17 0 0 0 0
SCA17 3 0 3 0
SCA17 0 -6 0 -6
SCA17 0 -24 0 -3
SCA17 -6 -3 -6 -3
SCA17 0 6 0 -3
SCA17 3 -3 3 0
SCA17 -3 -6 -6 -9
SCA17 -6 0 -6 0
SCA17 0 -6 0 0
SCA17 -3 -6 -3 -6
SCA17 -9 -9 -9 -3
SCA17 -6 -6 -6 -6
SCA17 -6 -6 -6 -6
SCA17 54 0 0 0
SCA17 -6 -3 -6 -3
SCA17 0 0 0 0
SCA17 0 -3 -3 -3
SCA17 3 0 3 0
SCA17 0 -3 0 -3
SCA17 -3 0 -3 0
SCA17 -9 -3 -9 -3
SCA17 -3 -9 -3 -9
SCA17 0 3 0 3
SCA17 3 0 3 0
SCA17 0 0 0 0
SCA17 3 6 3 0
SCA17 -9 -3 -9 -3
SCA17 0 0 0 0
SCA17 -3 -9 0 -9
SCA17 -3 -6 -3 -6
SCA17 -3 0 -3 0
SCA17 -9 0 -6 0
SCA17 0 -3 -3 -3
SCA17 -3 -24 -3 -3
SCA17 -3 0 -6 0
SCA17 0 -3 -3 -3
SCA17 0 -6 0 -6
SCA17 0 -18 0 -18
SCA17 9 0 0 0
SCA17 -3 0 0 0
SCA17 -3 0 -3 0
SCA17 -9 0 -9 -3
SCA17 -6 -6 -6 0
SCA17 -9 -6 -6 -6
SCA17 0 0 0 0
SCA17 0 3 0 -3
SCA17 -6 0 -6 0
SCA17 -3 -3 -3 -3
SCA17 -6 3 -6 0
SCA17 -3 -3 -3 -3
SCA17 -6 0 -6 0
SCA17 3 0 0 0
SCA17 -6 -6 -6 -6
SCA17 3 3 3 0
SCA17 0 -6 0 -6
SCA17 0 -6 0 -6
SCA17 -6 -3 -6 0
SCA17 0 0 0 0
SCA17 -9 0 -9 0
SCA17 0 -3 0 -3
SCA17 -3 -18 -3 -18
SCA17 0 -3 0 -3
SCA17 -6 -3 -6 -3
SCA17 0 -3 -3 3
SCA17 3 -6 0 -6
SCA17 -9 0 -9 0
SCA17 -3 0 -3 0
SCA17 0 -3 0 0
SCA17 -3 -9 -3 -6
SCA17 -6 0 -6 3
SCA17 -3 6 -3 3
SCA17 0 -6 0 -6
SCA17 0 0 0 0
SCA17 -18 -3 -3 -3
SCA17 -3 -3 -3 -3
SCA17 0 3 0 -3
SCA17 0 -6 0 -6
SCA17 -3 0 -3 0
SCA17 0 3 0 3
SCA17 0 -6 0 -6
SCA17 -6 -6 -6 3
SCA17 -9 -3 -9 -3
SCA17 0 -15 0 -15
SCA17 0 0 0 0
SCA17 0 0 0 0
SCA17 0 0 0 0
SCA17 0 -3 0 -3
SCA17 -9 -3 -9 -3
SCA17 0 -3 0 -6
SCA17 0 3 -3 -3
SCA17 0 0 0 0
SCA17 0 -12 -3 0
SCA17 -27 0 -27 0
SCA17 -6 0 -6 -3
SCA17 0 12 0 0
SCA17 -3 -6 -3 -6
SCA17 0 -3 0 0
SCA17 0 -3 0 -3
SCA17 0 -6 0 0
SCA17 -9 -9 -9 -9
SCA17 -9 -6 -9 -6
SCA17 0 -3 0 -3
SCA17 3 -3 3 -3
SCA17 -3 -3 -3 -3
SCA17 0 -3 0 -3
SCA17 -3 0 -3 0
SCA17 -3 -6 -3 -6
SCA17 -9 0 -9 0
SCA17 0 -3 0 -3
SCA17 0 6 0 0
SCA17 -3 -6 -3 -6
SCA17 -6 0 -6 0
SCA17 -3 -6 0 -6
SCA17 -3 0 -3 0
SCA17 -6 -6 -6 -6
SCA17 -12 -9 -9 -12
SCA17 -9 -3 -9 0
SCA17 -15 -6 0 -6
SCA17 0 -6 -6 -3
SCA17 0 -3 0 0
SCA17 -3 -3 -3 -6
SCA17 0 0 0 -6
SCA17 0 -27 0 -27
SCA17 0 0 0 0
SCA17 -6 0 -6 0
SCA17 -6 0 0 0
SCA17 0 0 0 0
SCA17 0 -3 0 -3
SCA17 0 3 0 3
SCA17 0 0 0 0
SCA17 -3 -6 -3 -6
SCA17 -6 0 -6 0
SCA17 0 -3 0 -6
SCA17 0 -18 0 -3
SCA17 3 -6 3 -6
SCA17 -6 -6 -6 -6
SCA17 -3 0 -3 0
SCA17 -9 -3 -9 -3
SCA17 -3 -6 -3 -6
SCA17 0 -3 0 -3
SCA17 -3 0 0 -6
SCA17 0 -9 0 -9
SCA17 3 -3 0 -6
SCA17 0 -3 0 -3
SCA17 -6 0 -6 0
SCA17 0 -6 0 -6
SCA17 0 -3 0 -6
SCA17 -6 0 -6 0
SCA17 -3 -15 -3 -15
SCA17 0 -3 0 -3
SCA17 3 -9 0 -9
SCA17 0 -6 3 -6
SCA17 0 -9 0 -6
SCA17 -3 -6 -3 -6
SCA17 -6 -18 -6 -6
SCA17 -6 0 -6 -3
SCA17 -3 -9 -3 -9
SCA17 0 -3 0 -3
SCA17 -3 0 -3 -3
SCA17 0 -9 0 -9
SCA17 -3 -3 -3 -3
SCA17 -6 -9 -6 -9
SCA17 -3 0 -3 0
SCA17 -15 0 -15 0
SCA17 0 6 0 0
SCA17 -3 0 -6 0
SCA17 -6 0 -3 0
SCA17 3 0 3 0
SCA17 0 -3 0 -3
SCA17 0 -24 0 -3
SCA17 0 3 0 0
SCA17 -18 -6 -6 3
SCA17 0 0 0 0
SCA17 -3 0 -3 0
SCA17 0 -3 0 0
SCA17 3 -3 0 -3
SCA17 0 -6 0 -6
SCA17 -3 -3 -6 -3
SCA17 -6 -3 -6 -6
SCA17 0 0 -3 0
SCA17 -3 0 0 0
SCA17 0 -6 0 -6
SCA17 -6 0 -12 0
SCA17 -3 9 0 3
SCA17 246 0 0 0
SCA17 0 -3 0 -3
SCA17 -9 -9 -9 -9
SCA17 -3 -6 -3 -6
SCA17 3 0 0 0
SCA17 -3 -6 -3 -6
SCA17 0 -6 0 -6
SCA17 0 3 0 0
SCA17 -3 -3 -3 -3
SCA17 -6 3 -3 0
SCA17 -9 -3 -9 0
SCA17 3 -6 3 -6
SCA17 0 -3 0 -3
SCA17 0 -3 0 -3
SCA17 -6 -6 -6 -6
SCA17 0 -3 0 -3
SCA17 -6 3 -6 0
SCA17 0 0 -3 -3
SCA17 -3 12 -6 -6
SCA17 0 -6 0 -6
SCA17 -6 6 -6 -3
SCA17 -6 0 -6 0
SCA17 0 -6 3 -6
SCA17 0 0 0 0
SCA17 6 -9 6 -9
SCA17 -6 -6 -6 -6
SCA17 0 0 0 0
SCA17 0 -9 0 -9
SCA17 3 0 0 0
SCA17 -6 0 0 0
SCA17 -3 0 -6 0
SCA17 -3 6 -3 6
SCA17 0 -6 0 -6
SCA17 -3 0 -3 0
SCA17 -9 -9 -3 -9
SCA17 -9 3 -9 0
SCA17 0 -6 0 -6
SCA17 6 -3 -6 -3
SCA17 0 -3 0 -3
SCA17 -6 0 -6 0
SCA17 -3 9 -3 -3
SCA17 -3 0 -3 0
SCA17 0 -3 0 -3
SCA17 -3 -3 -3 -3
SCA17 0 -6 0 -6
SCA17 -3 -3 -3 -3
SCA17 -6 0 -6 0
SCA17 0 -9 0 -9
SCA17 -9 -6 -9 -6
SCA17 6 0 0 0
SCA17 0 -6 0 -6
SCA17 0 -6 0 -6
SCA17 -6 -6 -6 -6
SCA17 -9 -18 -9 -6
SCA17 -3 -6 -3 -6
SCA17 0 -3 0 -3
SCA17 -6 0 -9 0
SCA17 -6 6 -6 0
SCA17 6 -3 -3 -9
SCA17 -6 0 -6 0
SCA17 -6 0 -6 0
SCA17 0 0 0 0
SCA17 0 0 0 0
SCA17 -6 0 -6 -3
SCA17 -9 6 -9 0
SCA17 -3 -24 -3 -3
SCA17 3 3 0 0
SCA17 -3 0 -3 0
SCA17 -6 0 -6 0
SCA17 -9 0 -9 0
SCA17 -6 0 -6 0
SCA17 0 -33 0 0
SCA17 -3 0 0 0
SCA17 -3 0 -3 0
SCA17 -6 0 -6 0
SCA17 147 0 0 0
SCA17 -3 -3 3 -3
SCA17 -3 -9 -3 -9
SCA17 0 -3 -6 -3
SCA17 -15 -3 -15 -3
SCA17 -3 -12 -3 -9
SCA17 -6 0 -6 0
SCA17 -3 0 -3 -3
SCA17 -6 -45 -6 -3
SCA17 -6 -6 -6 -6
SCA17 -3 0 -3 0
SCA17 0 18 0 0
SCA17 -3 0 -3 -3
SCA17 -3 -9 -3 -9
SCA17 -12 0 0 0
SCA17 -6 -3 -6 -3
SCA17 -3 6 -3 0
SCA17 0 3 3 -3
SCA17 3 3 0 0
SCA17 6 0 0 0
SCA17 -3 0 -3 0
SCA17 0 3 -3 0
SCA17 -3 -3 -3 -3
SCA17 0 -9 0 -9
SCA17 -6 -3 -6 -6
SCA17 0 -9 0 -9
SCA17 -3 -3 -3 -3
SCA17 3 -3 3 -6
SCA17 -6 -6 -6 -6
SCA17 0 0 0 0
SCA17 -6 0 -6 0
SCA17 -3 -6 -3 -6
SCA17 0 -3 0 -3
SCA17 -3 0 -3 0
SCA17 -6 0 -6 0
SCA17 -6 0 -6 0
SCA17 -3 -6 -6 -6
SCA17 -3 0 0 0
SCA17 0 -6 0 -6
SCA17 -3 0 -3 0
SCA17 0 -6 0 -6
SCA17 3 -6 -3 -6
SCA17 -6 -3 -6 -3
SCA17 0 -3 0 -3
SCA17 -3 0 -3 0
SCA17 0 -6 0 -6
SCA17 0 -6 0 -9
SCA17 3 0 3 0
SCA17 -3 -3 -3 -3
SCA17 -3 -9 -3 -6
SCA17 0 -3 0 -3
SCA17 0 0 0 0
SCA17 0 -9 0 -9
SCA17 0 -6 -9 -3
SCA17 0 0 0 0
SCA17 -3 0 -3 0
SCA17 -3 0 -3 0
SCA17 0 3 0 0
SCA17 0 0 0 0
SCA17 -3 0 -3 0
SCA17 0 0 0 0
SCA17 0 0 0 0
SCA17 -6 0 -6 0
SCA17 -6 0 -6 0
SCA17 0 0 0 -3
SCA17 0 6 0 0
SCA17 0 3 0 3
SCA17 0 0 0 0
SCA17 0 -3 0 -3
SCA17 -6 -24 -6 -3
SCA17 0 -9 0 -9
SCA17 0 -3 0 -3
SCA17 0 0 0 0
SCA17 -6 3 -6 3
SCA17 0 -6 0 -6
SCA17 0 -3 -3 0
SCA17 3 0 0 0
SCA17 -3 -3 -3 -3
SCA17 3 0 0 6
SCA17 -6 0 -6 0
SCA17 -3 0 -3 0
SCA17 -3 -3 -3 0
SCA17 -6 -3 -6 -3
SCA17 -3 -6 0 -6
SCA17 0 -18 0 -18
SCA17 0 -3 0 -3
SCA17 0 -9 0 -9
SCA17 -3 3 -6 3
SCA17 -3 -3 -6 -6
SCA17 3 0 0 0
SCA17 -6 0 -6 0
SCA17 3 -3 -3 0
SCA17 0 0 0 0
SCA17 -3 -30 -3 -6
SCA17 -6 0 -6 0
SCA17 -3 0 -3 0
SCA17 -9 0 -9 -3
SCA17 0 -3 0 -3
SCA17 -9 -6 -9 -6
SCA17 -3 -27 -3 -27
SCA17 -6 0 -6 0
SCA17 -3 -3 -3 -3
SCA17 -3 3 -3 3
SCA17 0 -6 0 -6
SCA17 -12 -3 0 -3
SCA17 -6 0 -6 0
SCA17 -3 -6 -6 -3
SCA17 -6 -9 -6 -9
SCA17 0 -6 -3 -6
SCA17 0 0 0 0
SCA17 0 -3 0 -3
SCA17 -3 -3 -3 -3
SCA17 -6 -9 -6 -9
SCA17 0 0 0 0
SCA17 -3 0 -3 0
SCA17 -3 -3 -3 -3
SCA17 -6 -6 -6 -6
SCA17 -6 -6 -6 -6
SCA17 3 -6 -6 -6
SCA17 -3 -6 -3 -6
SCA17 0 -3 -3 -3
SCA17 0 -3 -3 0
SCA17 0 -6 -6 -6
SCA17 -9 3 -9 3
SCA17 -33 0 0 0
SCA17 0 0 0 0
SCA17 -24 -3 3 -3
SCA17 -9 0 -9 0
SCA17 -6 0 -6 0
SCA17 -18 -3 -18 3
SCA17 -9 -6 -9 -6
SCA17 3 -9 0 -9
SCA17 3 0 0 0
SCA17 -3 3 -3 0
SCA17 -3 0 0 0
SCA17 -6 -6 -6 -6
SCA17 -6 0 -6 0
SCA17 0 0 0 0
SCA17 -6 0 -6 0
SCA17 0 -3 0 -3
SCA17 0 -3 0 -3
SCA17 0 -3 0 -3
SCA17 6 0 6 0
SCA17 -3 3 -3 0
SCA17 -3 -3 -3 -6
SCA17 -6 0 -6 0
SCA17 -3 -9 -3 -9
SCA17 0 6 0 0
SCA17 -6 -3 -6 -3
SCA17 -3 0 -3 0
SCA17 -3 0 -3 -3
SCA17 0 6 3 0
SCA17 0 -9 0 -9
SCA17 -3 -3 -6 -3
SCA17 -9 3 -9 3
SCA17 -9 0 -9 0
SCA17 0 -6 0 -9
SCA17 -6 -12 -6 -12
SCA17 -3 3 -3 0
SCA17 0 -9 0 -9
SCA17 -3 0 -3 0
SCA17 0 0 0 0
SCA17 -6 -6 -6 -6
SCA17 0 -3 0 -3
SCA17 0 -9 0 -9
SCA17 -6 -3 -6 -3
SCA17 0 0 0 0
SCA17 0 0 0 0
SCA17 -9 -3 -9 -3
SCA17 -6 -3 -6 -3
SCA17 -6 -3 -6 -3
SCA17 3 0 3 0
SCA17 -3 0 -3 0
SCA17 -6 0 -6 0
SCA17 -3 -9 -3 -9
SCA17 3 -6 0 -9
SCA17 0 -3 0 3
SCA17 -3 -3 -3 -3
SCA17 0 -9 0 -9
SCA17 0 0 0 0
SCA17 0 -24 0 -24
SCA17 -3 -3 -3 0
SCA17 -3 -3 -3 -3
SCA17 0 0 0 0
