SCA3 21 24 21 21
SCA3 27 27 27 27
SCA3 39 24 39 24
SCA3 0 48 42 0
SCA3 15 21 15 21
SCA3 39 0 42 0
SCA3 18 21 18 21
SCA3 39 21 39 21
SCA3 39 0 39 0
SCA3 0 42 0 39
SCA3 27 0 27 0
SCA3 27 0 27 0
SCA3 24 27 27 27
SCA3 27 30 27 30
SCA3 27 18 27 18
SCA3 27 27 27 27
SCA3 39 27 39 27
SCA3 30 24 30 24
SCA3 21 0 21 0
SCA3 18 27 18 27
SCA3 0 30 0 30
SCA3 21 0 21 0
SCA3 0 21 0 21
SCA3 27 27 27 27
SCA3 39 0 39 0
SCA3 39 39 39 39
SCA3 21 27 21 27
SCA3 27 27 27 27
SCA3 6 27 39 27
SCA3 36 0 36 0
SCA3 27 27 27 27
SCA3 39 27 39 30
SCA3 39 39 39 39
SCA3 45 27 45 27
SCA3 27 27 27 27
SCA3 27 0 27 0
SCA3 42 21 42 21
SCA3 21 30 21 30
SCA3 27 0 27 0
SCA3 27 27 27 27
SCA3 30 27 30 27
SCA3 27 18 27 18
SCA3 27 42 27 39
SCA3 18 42 39 42
SCA3 0 0 0 0
SCA3 30 39 27 39
SCA3 39 27 39 27
SCA3 0 30 0 30
SCA3 0 0 0 0
SCA3 42 27 39 27
SCA3 21 54 21 57
SCA3 0 30 0 30
SCA3 39 27 39 27
SCA3 0 42 0 42
SCA3 36 15 27 15
SCA3 30 18 30 18
SCA3 39 0 36 0
SCA3 21 24 21 21
SCA3 27 21 27 39
SCA3 48 0 39 0
SCA3 18 27 18 27
SCA3 27 39 27 39
SCA3 39 21 39 21
SCA3 39 42 39 42
SCA3 39 27 39 27
SCA3 45 21 42 21
SCA3 39 21 39 21
SCA3 0 39 0 18
SCA3 27 39 27 39
SCA3 0 27 0 27
SCA3 39 0 39 0
SCA3 42 21 42 21
SCA3 27 0 42 0
SCA3 21 27 21 27
SCA3 48 27 48 27
SCA3 27 27 27 27
SCA3 27 0 27 0
SCA3 0 24 0 24
SCA3 42 45 42 45
SCA3 42 21 39 21
SCA3 39 27 39 27
SCA3 27 27 27 27
SCA3 18 42 42 18
SCA3 18 18 18 18
SCA3 27 39 27 39
SCA3 42 45 39 42
SCA3 42 0 42 0
SCA3 36 0 39 0
SCA3 0 27 0 27
SCA3 0 30 0 30
SCA3 0 24 0 24
SCA3 0 0 0 0
SCA3 27 18 27 18
SCA3 0 0 0 0
SCA3 18 24 18 24
SCA3 0 24 0 24
SCA3 27 21 27 21
SCA3 27 27 30 27
SCA3 21 27 18 27
SCA3 27 27 27 27
SCA3 27 45 27 45
SCA3 27 18 27 18
SCA3 27 27 27 27
SCA3 30 0 30 0
SCA3 48 24 48 42
SCA3 27 0 27 0
SCA3 27 0 27 0
SCA3 27 39 27 42
SCA3 27 27 27 27
SCA3 27 30 27 30
SCA3 39 0 39 0
SCA3 27 27 27 27
SCA3 0 0 0 0
SCA3 18 18 18 18
SCA3 27 24 27 24
SCA3 0 0 0 0
SCA3 0 0 0 0
SCA3 21 27 21 27
SCA3 27 30 30 27
SCA3 36 48 36 27
SCA3 0 21 0 21
SCA3 0 27 0 27
SCA3 39 30 36 24
SCA3 18 39 18 42
SCA3 39 39 39 39
SCA3 39 0 39 0
SCA3 0 0 0 0
SCA3 27 27 27 27
SCA3 30 27 27 27
SCA3 27 18 27 18
SCA3 42 27 39 27
SCA3 39 39 39 39
SCA3 27 21 27 21
SCA3 48 0 48 21
SCA3 27 21 27 21
SCA3 0 0 0 0
SCA3 39 27 39 27
SCA3 27 0 27 0
SCA3 0 39 0 39
SCA3 27 36 27 27
SCA3 27 0 27 0
SCA3 39 27 39 27
SCA3 21 27 21 27
SCA3 24 27 24 27
SCA3 15 21 15 21
SCA3 0 0 0 0
SCA3 36 0 39 0
SCA3 12 27 12 27
SCA3 0 27 0 27
SCA3 39 0 42 0
SCA3 27 27 27 27
SCA3 30 51 27 48
SCA3 27 0 27 0
SCA3 27 0 27 0
SCA3 0 18 0 18
SCA3 21 27 21 27
SCA3 18 21 27 21
SCA3 39 27 39 27
SCA3 27 27 27 27
SCA3 27 21 27 21
SCA3 27 39 27 39
SCA3 27 0 27 0
SCA3 30 27 30 27
SCA3 39 30 18 27
SCA3 0 27 0 27
SCA3 0 21 0 21
SCA3 27 30 27 30
SCA3 0 0 0 0
SCA3 27 0 27 0
SCA3 21 45 45 21
SCA3 0 27 0 27
SCA3 27 27 27 27
SCA3 0 39 0 42
SCA3 27 39 27 39
SCA3 39 0 39 0
SCA3 27 12 27 42
SCA3 36 0 36 0
SCA3 27 27 27 27
SCA3 39 0 39 0
SCA3 27 0 27 0
SCA3 42 21 42 21
SCA3 0 27 0 27
SCA3 18 0 15 0
SCA3 30 27 30 24
SCA3 27 0 27 0
SCA3 18 24 18 30
SCA3 0 0 0 0
SCA3 0 0 0 0
SCA3 18 21 42 21
SCA3 27 27 27 27
SCA3 0 0 0 0
SCA3 21 27 21 27
SCA3 18 27 18 27
SCA3 0 24 0 24
SCA3 24 0 24 0
SCA3 27 39 27 39
SCA3 27 39 27 39
SCA3 27 27 27 27
SCA3 0 21 0 21
SCA3 36 27 39 27
SCA3 0 27 0 27
SCA3 27 21 27 21
SCA3 27 21 27 21
SCA3 39 0 39 0
SCA3 27 42 27 27
SCA3 0 0 0 0
SCA3 27 42 27 27
SCA3 42 27 42 27
SCA3 27 39 27 39
SCA3 27 0 27 0
SCA3 27 48 48 27
SCA3 0 27 0 27
SCA3 48 18 27 18
SCA3 27 0 27 0
SCA3 21 39 21 39
SCA3 18 0 18 0
SCA3 27 27 27 27
SCA3 27 30 27 30
SCA3 0 0 0 0
SCA3 42 0 39 0
SCA3 18 21 18 21
SCA3 39 42 39 42
SCA3 0 27 0 27
SCA3 0 27 0 27
SCA3 27 39 27 21
SCA3 27 0 27 0
SCA3 30 0 27 0
SCA3 42 39 42 39
SCA3 27 39 27 39
SCA3 27 21 27 21
SCA3 30 21 30 21
SCA3 21 0 21 0
SCA3 39 0 39 0
SCA3 42 27 39 27
SCA3 39 27 39 27
SCA3 42 27 39 27
SCA3 0 27 0 27
SCA3 3 18 27 18
SCA3 39 27 39 27
SCA3 27 30 27 27
SCA3 0 33 0 24
SCA3 0 39 0 39
SCA3 39 36 39 36
SCA3 39 18 39 18
SCA3 27 0 27 0
SCA3 57 0 30 0
SCA3 0 39 0 18
SCA3 0 15 0 15
SCA3 18 42 18 39
SCA3 39 27 39 27
SCA3 39 30 21 30
SCA3 42 27 42 27
SCA3 39 27 39 27
SCA3 18 42 18 39
SCA3 30 27 30 27
SCA3 27 27 27 27
SCA3 27 0 27 0
SCA3 30 18 30 27
SCA3 0 39 0 18
SCA3 24 27 24 27
SCA3 39 0 39 0
SCA3 39 27 39 27
SCA3 30 0 30 0
SCA3 27 39 27 39
SCA3 21 39 21 39
SCA3 0 39 0 39
SCA3 36 36 39 39
SCA3 39 21 39 21
SCA3 0 0 0 0
SCA3 39 0 39 0
SCA3 0 18 0 18
SCA3 18 0 18 0
SCA3 0 0 0 0
SCA3 27 27 27 27
SCA3 0 48 0 36
SCA3 30 39 30 39
SCA3 0 27 0 27
SCA3 30 0 27 0
SCA3 27 69 27 39
SCA3 42 0 42 0
SCA3 24 24 24 42
SCA3 39 0 39 0
SCA3 39 27 18 27
SCA3 42 21 45 21
SCA3 27 0 27 0
SCA3 0 39 0 18
SCA3 27 27 27 27
SCA3 18 45 18 45
SCA3 0 27 0 27
SCA3 0 42 0 39
SCA3 27 42 27 39
SCA3 27 27 27 27
SCA3 42 0 39 0
SCA3 42 0 48 0
SCA3 27 27 27 27
SCA3 0 0 0 0
SCA3 0 51 0 48
SCA3 39 18 39 18
SCA3 39 12 39 12
SCA3 48 0 48 0
SCA3 0 39 0 39
SCA3 0 27 0 27
SCA3 36 0 27 0
SCA3 42 0 39 0
SCA3 39 24 42 24
SCA3 42 27 39 27
SCA3 48 27 48 27
SCA3 0 27 0 27
SCA3 27 0 27 0
SCA3 0 18 0 18
SCA3 39 12 39 27
SCA3 45 30 42 30
SCA3 0 0 0 0
SCA3 21 21 21 21
SCA3 27 27 27 27
SCA3 39 27 39 27
SCA3 27 0 27 0
SCA3 27 39 27 39
SCA3 24 39 30 24
SCA3 24 42 21 24
SCA3 42 15 21 15
SCA3 39 39 39 39
SCA3 24 42 24 42
SCA3 27 0 27 0
SCA3 6 42 42 39
SCA3 21 39 21 39
SCA3 39 39 39 39
SCA3 27 27 27 27
SCA3 0 18 18 0
SCA3 0 0 0 0
SCA3 42 39 39 39
SCA3 27 0 27 0
SCA3 27 30 27 30
SCA3 27 18 27 18
SCA3 0 39 0 39
SCA3 12 0 12 0
SCA3 27 18 27 18
SCA3 21 27 21 27
SCA3 18 0 18 0
SCA3 27 27 27 27
SCA3 21 39 21 39
SCA3 39 30 42 30
SCA3 0 27 0 27
SCA3 27 27 27 27
SCA3 39 39 39 39
SCA3 0 21 0 21
SCA3 6 27 57 27
SCA3 0 27 0 27
SCA3 0 21 0 21
SCA3 42 42 39 18
SCA3 27 39 27 39
SCA3 27 21 27 21
SCA3 27 39 27 21
SCA3 27 27 27 27
SCA3 39 24 18 24
SCA3 21 39 39 21
SCA3 21 39 21 39
SCA3 39 27 18 27
SCA3 27 0 27 0
SCA3 27 27 27 27
SCA3 69 27 39 27
SCA3 0 21 0 21
SCA3 18 0 18 0
SCA3 27 12 27 21
SCA3 24 42 24 39
SCA3 27 18 27 18
SCA3 39 21 39 21
SCA3 21 27 21 27
SCA3 27 0 27 0
SCA3 24 27 48 21
SCA3 27 27 27 27
SCA3 24 0 42 0
SCA3 27 21 27 21
SCA3 21 0 21 0
SCA3 42 0 39 0
SCA3 27 39 27 39
SCA3 27 21 27 39
SCA3 27 27 27 27
SCA3 27 36 27 39
SCA3 39 0 42 0
SCA3 0 27 0 27
SCA3 39 27 39 27
SCA3 27 27 27 27
SCA3 18 21 18 21
SCA3 0 36 0 39
SCA3 39 39 39 39
SCA3 0 0 0 0
SCA3 24 0 24 0
SCA3 27 0 27 0
SCA3 36 30 42 30
SCA3 0 18 0 18
SCA3 27 30 30 27
SCA3 0 27 0 27
SCA3 24 27 24 27
SCA3 39 12 18 12
SCA3 39 30 39 30
SCA3 0 27 0 27
SCA3 27 21 27 21
SCA3 27 18 27 18
SCA3 21 27 21 27
SCA3 18 39 18 39
SCA3 27 0 27 0
SCA3 0 39 0 39
SCA3 30 48 30 48
SCA3 0 0 0 0
SCA3 54 21 48 21
SCA3 27 0 27 0
SCA3 30 24 30 24
SCA3 39 39 39 39
SCA3 18 18 18 18
SCA3 39 18 21 18
SCA3 27 39 27 39
SCA3 0 39 0 39
SCA3 27 27 27 27
SCA3 18 21 18 21
SCA3 27 0 27 0
SCA3 0 39 0 39
SCA3 36 39 39 21
SCA3 0 27 0 27
SCA3 39 0 42 0
SCA3 48 0 39 0
SCA3 27 0 27 0
SCA3 39 0 39 0
SCA3 0 27 0 27
SCA3 27 27 27 27
SCA3 27 42 27 39
SCA3 39 0 39 0
SCA3 0 27 0 27
SCA3 18 27 18 27
SCA3 0 21 0 21
SCA3 48 30 54 30
SCA3 18 27 18 27
SCA3 21 39 21 39
SCA3 27 27 27 27
SCA3 0 27 27 0
SCA3 21 27 21 21
SCA3 30 27 30 27
SCA3 24 27 27 27
SCA3 0 27 0 27
SCA3 0 42 0 39
SCA3 39 39 39 39
SCA3 45 27 45 27
SCA3 0 27 0 27
SCA3 27 39 27 39
SCA3 48 27 48 27
SCA3 60 27 66 27
SCA3 60 21 66 21
SCA3 39 0 39 0
SCA3 39 27 48 27
SCA3 27 27 27 27
SCA3 0 0 0 0
SCA3 27 39 27 39
SCA3 27 45 27 45
SCA3 0 0 0 0
SCA3 48 45 24 42
SCA3 0 27 0 27
SCA3 27 0 27 0
SCA3 0 21 0 21
SCA3 27 30 30 30
SCA3 45 36 39 39
SCA3 18 39 39 18
SCA3 0 18 0 18
SCA3 0 42 0 42
SCA3 39 21 21 39
SCA3 42 36 39 42
SCA3 27 27 27 27
SCA3 39 0 42 0
SCA3 18 0 18 0
SCA3 36 0 39 0
SCA3 39 27 39 27
SCA3 0 0 0 0
SCA3 27 42 27 39
SCA3 21 27 21 27
SCA3 27 27 27 27
SCA3 21 42 21 42
SCA3 48 0 39 0
SCA3 0 33 0 30
SCA3 0 0 0 0
SCA3 18 0 18 0
SCA3 3 21 0 21
SCA3 27 39 27 42
SCA3 42 27 42 27
SCA3 21 27 21 27
SCA3 27 0 27 0
SCA3 0 0 0 0
SCA3 0 21 0 21
SCA3 27 27 27 27
SCA3 27 0 27 0
SCA3 39 27 39 27
SCA3 27 42 27 42
SCA3 27 30 27 30
SCA3 0 24 0 24
SCA3 27 0 27 0
SCA3 48 39 45 39
SCA3 27 21 27 21
SCA3 27 21 27 21
SCA3 27 21 27 21
SCA3 21 27 21 27
SCA3 30 39 30 21
SCA3 27 27 27 27
SCA3 21 30 21 30
SCA3 45 57 39 57
SCA3 39 45 21 39
SCA3 66 0 60 0
SCA3 27 27 27 27
SCA3 18 27 18 27
SCA3 39 0 39 0
SCA3 0 39 0 18
SCA3 0 21 0 21
SCA3 48 18 27 27
SCA3 3 39 27 39
SCA3 36 0 36 0
SCA3 30 42 30 39
SCA3 42 21 21 39
SCA3 18 0 18 0
SCA3 39 39 39 39
SCA3 27 39 27 18
SCA3 0 39 0 39
SCA3 0 48 0 42
SCA3 27 39 27 39
SCA3 27 27 27 27
SCA3 33 48 39 39
SCA3 27 27 27 27
SCA3 27 30 27 27
SCA3 39 27 39 27
SCA3 39 21 39 21
SCA3 18 0 18 0
SCA3 39 27 39 27
SCA3 27 24 27 24
SCA3 39 21 42 21
SCA3 27 27 27 27
SCA3 0 27 0 27
SCA3 27 0 24 0
SCA3 0 27 0 27
SCA3 0 18 0 18
SCA3 18 48 18 48
SCA3 42 27 39 27
SCA3 27 42 27 39
SCA3 45 39 39 45
SCA3 0 30 0 27
SCA3 30 30 30 27
SCA3 6 21 42 21
SCA3 39 0 39 0
SCA3 57 0 21 0
SCA3 18 18 18 18
SCA3 27 0 27 0
SCA3 27 27 27 27
SCA3 18 18 18 18
SCA3 0 45 0 45
SCA3 27 27 27 27
SCA3 0 0 0 0
SCA3 18 0 18 0
SCA3 45 39 21 39
SCA3 27 21 21 27
SCA3 27 24 27 24
SCA3 0 27 0 27
SCA3 27 27 27 27
SCA3 27 21 27 21
SCA3 21 39 39 21
SCA3 27 42 27 39
SCA3 0 0 0 0
SCA3 30 18 30 18
SCA3 27 42 27 48
SCA3 27 30 27 27
SCA3 27 36 27 39
SCA3 0 24 0 27
SCA3 18 27 18 27
SCA3 39 0 39 0
SCA3 39 42 39 42
SCA3 27 0 27 0
SCA3 36 0 39 0
SCA3 21 18 21 18
SCA3 0 27 0 27
SCA3 27 18 27 18
SCA3 27 18 27 39
SCA3 21 21 21 21
SCA3 24 36 27 27
SCA3 39 0 39 0
SCA3 21 27 21 27
SCA3 24 39 24 39
SCA3 27 27 27 27
SCA3 0 0 0 0
SCA3 0 42 0 42
SCA3 0 27 0 27
SCA3 0 39 0 39
SCA3 27 39 27 39
SCA3 21 0 21 0
SCA3 21 24 27 21
SCA3 27 36 27 39
SCA3 0 0 0 0
SCA3 0 27 0 27
SCA3 39 0 36 0
SCA3 0 27 0 27
SCA3 27 21 27 21
SCA3 18 18 18 18
SCA3 30 0 30 0
SCA3 0 0 0 0
SCA3 0 21 0 21
SCA3 21 27 21 27
SCA3 24 27 24 27
SCA3 21 27 21 27
SCA3 0 24 0 24
SCA3 27 18 27 18
SCA3 27 39 27 39
SCA3 30 27 27 30
SCA3 27 21 27 21
SCA3 39 0 39 0
SCA3 0 27 0 27
SCA3 27 21 27 21
SCA3 27 39 27 39
SCA3 42 27 39 27
SCA3 39 0 39 0
SCA3 24 24 24 24
SCA3 21 39 21 39
SCA3 27 39 27 39
SCA3 30 39 30 39
SCA3 30 30 30 30
SCA3 39 21 39 21
SCA3 39 0 18 0
SCA3 27 0 27 0
SCA3 21 0 21 0
SCA3 27 27 27 27
SCA3 27 0 27 0
SCA3 30 21 30 21
SCA3 0 39 0 39
SCA3 0 0 0 0
SCA3 0 27 0 27
SCA3 27 0 27 0
SCA3 39 21 21 18
SCA3 24 15 15 15
SCA3 0 39 0 39
SCA3 27 18 27 18
SCA3 15 39 15 39
SCA3 27 0 27 0
SCA3 27 39 27 39
SCA3 45 27 42 27
SCA3 27 27 27 27
SCA3 27 27 27 27
SCA3 0 0 0 0
SCA3 0 30 0 27
SCA3 0 0 0 0
SCA3 27 39 27 39
SCA3 27 27 27 30
SCA3 0 0 0 0
SCA3 30 0 30 0
SCA3 39 27 69 27
SCA3 36 0 36 0
SCA3 27 27 27 27
SCA3 27 0 27 0
SCA3 18 18 18 27
SCA3 42 27 42 27
SCA3 18 33 18 18
SCA3 27 18 27 18
SCA3 27 0 27 0
SCA3 27 0 27 0
SCA3 42 27 42 27
SCA3 21 0 21 0
SCA3 0 0 0 0
SCA3 27 27 27 27
SCA3 45 0 45 0
SCA3 18 39 18 39
SCA3 27 0 27 0
SCA3 39 18 39 18
SCA3 27 57 27 57
SCA3 27 27 27 27
SCA3 27 27 27 27
SCA3 57 33 57 39
SCA3 27 27 27 27
SCA3 18 21 21 18
SCA3 30 27 27 27
SCA3 27 39 27 39
SCA3 30 0 27 0
SCA3 39 27 39 27
SCA3 18 27 18 27
SCA3 27 12 27 27
SCA3 39 21 39 21
SCA3 27 0 27 0
SCA3 18 0 18 0
SCA3 27 0 27 0
SCA3 21 27 21 27
SCA3 0 27 0 27
SCA3 21 0 0 21
SCA3 0 27 0 27
SCA3 36 27 27 36
SCA3 0 36 0 33
SCA3 30 27 30 27
SCA3 27 27 27 27
SCA3 27 18 27 18
SCA3 0 0 0 0
SCA3 27 0 27 0
SCA3 39 27 39 27
SCA3 30 0 30 0
SCA3 0 27 0 27
SCA3 39 27 42 27
SCA3 0 0 0 0
SCA3 27 27 27 27
SCA3 21 27 21 27
SCA3 27 0 27 0
SCA3 30 39 30 39
SCA3 21 39 21 39
SCA3 39 27 39 27
SCA3 48 48 48 21
SCA3 0 0 0 0
SCA3 15 39 36 42
SCA3 27 27 27 27
SCA3 27 0 27 0
SCA3 24 27 24 27
SCA3 27 42 45 27
SCA3 0 27 0 27
SCA3 21 0 21 0
SCA3 0 42 0 42
SCA3 27 0 27 0
SCA3 27 27 27 27
SCA3 27 42 27 39
SCA3 0 0 0 0
SCA3 27 27 27 27
SCA3 21 27 21 27
SCA3 21 36 21 36
SCA3 27 39 27 39
SCA3 39 0 39 0
SCA3 0 36 0 39
SCA3 24 27 21 27
SCA3 27 27 27 27
SCA3 0 27 0 27
SCA3 27 27 27 27
SCA3 21 39 39 21
SCA3 39 0 39 0
SCA3 27 39 27 39
SCA3 24 18 24 18
SCA3 27 21 27 21
SCA3 39 0 39 0
SCA3 39 0 39 0
SCA3 0 21 0 21
SCA3 0 27 0 27
SCA3 0 0 0 0
SCA3 39 24 18 24
SCA3 18 0 18 0
SCA3 21 0 21 0
SCA3 42 0 39 0
SCA3 39 39 18 39
SCA3 57 0 39 0
SCA3 6 39 42 39
SCA3 27 0 27 0
SCA3 0 27 0 27
SCA3 39 0 39 0
SCA3 27 0 27 0
SCA3 0 0 0 0
SCA3 30 0 27 0
SCA3 27 36 24 36
SCA3 27 39 27 39
SCA3 39 27 39 27
SCA3 42 18 39 39
SCA3 36 0 39 0
SCA3 0 39 0 36
SCA3 24 27 24 27
SCA3 0 42 0 39
SCA3 27 36 24 39
SCA3 27 0 27 0
SCA3 27 27 27 27
SCA3 39 27 39 27
SCA3 27 0 27 0
SCA3 27 24 27 24
SCA3 18 21 18 0
SCA3 27 27 27 27
SCA3 24 0 24 0
SCA3 0 27 0 27
SCA3 27 39 27 18
SCA3 39 0 39 0
SCA3 0 39 0 39
SCA3 0 27 0 27
SCA3 21 42 21 39
SCA3 27 27 27 27
SCA3 27 21 27 21
SCA3 24 15 27 15
SCA3 39 36 39 15
SCA3 0 15 0 24
SCA3 0 21 0 21
SCA3 18 21 21 18
SCA3 27 48 30 48
SCA3 57 0 57 0
SCA3 21 0 21 0
SCA3 27 21 27 21
SCA3 0 39 0 39
SCA3 18 15 18 15
SCA3 27 0 27 0
SCA3 15 27 15 27
SCA3 39 48 39 48
SCA3 0 39 0 42
SCA3 0 0 0 0
SCA3 60 0 39 0
SCA3 27 27 27 27
SCA3 21 0 21 0
SCA3 0 27 0 27
SCA3 0 0 0 0
SCA3 27 21 27 21
SCA3 0 0 0 0
SCA3 48 21 42 21
SCA3 0 30 0 30
SCA3 39 0 39 0
SCA3 21 36 21 39
SCA3 45 27 45 27
SCA3 27 27 27 27
SCA3 0 0 0 0
SCA3 0 15 0 15
SCA3 27 18 27 18
SCA3 39 27 27 42
SCA3 0 21 0 21
SCA3 18 54 18 27
SCA3 42 27 39 27
SCA3 0 42 0 42
SCA3 18 27 18 27
SCA3 39 18 18 18
SCA3 27 21 27 21
SCA3 0 0 0 0
SCA3 39 30 21 27
SCA3 27 0 27 0
SCA3 27 27 27 27
SCA3 0 0 0 0
SCA3 27 15 27 27
SCA3 27 27 27 27
SCA3 27 27 27 27
SCA3 21 0 21 0
SCA3 39 0 39 0
SCA3 0 39 0 39
SCA3 27 27 27 27
SCA3 27 27 27 27
SCA3 27 27 27 27
SCA3 30 21 30 21
SCA3 27 0 27 0
SCA3 0 39 0 39
SCA3 27 0 27 0
SCA3 27 21 27 21
SCA3 39 27 39 27
SCA3 36 27 36 27
SCA3 27 27 27 27
SCA3 18 27 18 27
SCA3 0 27 0 27
SCA3 21 0 0 21
SCA3 39 27 39 27
SCA3 27 42 27 42
SCA3 39 0 18 0
SCA3 27 0 27 0
SCA3 39 0 21 0
SCA3 0 0 0 0
SCA3 0 39 0 39
SCA3 27 27 27 27
SCA3 24 21 24 21
SCA3 0 39 0 39
SCA3 36 42 36 39
SCA3 27 0 27 0
SCA3 27 0 27 0
SCA3 27 27 27 27
SCA3 27 21 27 21
SCA3 21 0 0 21
SCA3 27 21 27 21
SCA3 45 27 39 27
SCA3 39 39 39 39
SCA3 27 27 27 27
SCA3 0 27 0 27
SCA3 30 0 27 0
SCA3 60 27 27 27
SCA3 42 27 39 27
SCA3 33 42 21 18
SCA3 39 27 39 27
SCA3 39 36 39 39
SCA3 0 39 0 39
SCA3 27 27 27 27
SCA3 27 27 27 27
SCA3 24 0 24 0
SCA3 27 0 27 0
SCA3 27 0 27 0
SCA3 18 27 27 18
SCA3 0 42 0 42
SCA3 39 39 39 39
SCA3 27 21 27 21
SCA3 27 27 27 27
SCA3 18 0 18 0
SCA3 0 48 0 48
SCA3 27 39 27 39
SCA3 39 0 39 0
SCA3 33 0 36 0
SCA3 0 48 0 39
SCA3 0 39 0 39
SCA3 27 18 27 18
SCA3 0 27 0 27
SCA3 18 39 18 39
SCA3 0 0 0 0
SCA3 27 39 27 39
SCA3 21 39 21 39
SCA3 21 42 42 21
SCA3 42 0 39 0
SCA3 27 0 27 0
SCA3 0 30 0 30
SCA3 39 30 18 27
SCA3 45 0 39 0
SCA3 0 45 0 21
SCA3 27 18 27 18
SCA3 27 30 27 30
SCA3 51 0 48 0
SCA3 18 39 39 18
SCA3 0 0 0 0
SCA3 21 27 21 27
SCA3 39 0 39 0
SCA3 27 27 27 27
SCA3 39 0 39 0
SCA3 27 39 27 21
SCA3 0 39 0 39
SCA3 30 12 27 30
SCA3 0 30 0 30
SCA3 48 18 48 18
SCA3 0 39 0 39
SCA3 21 27 21 27
SCA3 21 24 21 24
SCA3 24 42 24 39
SCA3 27 27 27 27
SCA3 0 27 0 27
SCA3 21 27 21 27
SCA3 27 0 27 0
SCA3 12 51 12 39
SCA3 0 27 0 27
SCA3 27 27 27 27
SCA3 30 0 27 0
SCA3 21 21 21 21
SCA3 42 0 39 0
SCA3 0 30 0 30
SCA3 27 27 27 27
SCA3 0 0 0 0
SCA3 18 27 18 27
SCA3 18 30 18 30
SCA3 30 18 30 18
SCA3 60 27 27 27
SCA3 15 27 15 27
SCA3 0 27 0 30
SCA3 0 27 0 27
SCA3 39 0 39 0
SCA3 0 18 0 18
SCA3 27 36 27 48
SCA3 18 39 18 39
SCA3 27 42 27 42
SCA3 27 0 27 0
SCA3 21 27 21 27
SCA3 42 39 42 39
SCA3 0 39 0 39
SCA3 21 27 21 27
SCA3 0 21 0 21
SCA3 27 18 27 18
SCA3 24 27 24 27
SCA3 39 30 39 27
SCA3 0 18 0 18
SCA3 18 27 18 27
SCA3 39 27 39 27
SCA3 27 18 27 18
SCA3 39 42 39 39
SCA3 39 0 39 0
SCA3 0 30 0 27
SCA3 39 42 39 42
SCA3 0 18 0 18
SCA3 18 0 18 0
