SCA8 0 -18 0 -18
SCA8 -18 -18 -18 -18
SCA8 0 -18 0 -18
SCA8 36 15 18 6
SCA8 -18 12 -18 6
SCA8 0 33 0 27
SCA8 -9 3 -9 3
SCA8 -9 -18 -9 -18
SCA8 3 -18 3 -18
SCA8 0 0 0 0
SCA8 -18 -18 -18 -18
SCA8 3 -9 3 -9
SCA8 0 12 0 27
SCA8 -18 39 -18 3
SCA8 -18 -9 -18 -9
SCA8 -9 3 -9 3
SCA8 -9 6 -9 27
SCA8 -18 -9 -18 -9
SCA8 -18 0 -18 0
SCA8 0 6 0 6
SCA8 21 -9 18 -9
SCA8 0 -9 0 -9
SCA8 0 18 0 18
SCA8 0 3 0 0
SCA8 -9 18 -9 15
SCA8 3 -9 0 -9
SCA8 -18 0 -18 0
SCA8 3 -18 3 -18
SCA8 -3 -9 -3 -9
SCA8 -9 -18 -9 -18
SCA8 -18 0 -18 0
SCA8 0 3 0 0
SCA8 15 3 15 3
SCA8 -9 0 -9 0
SCA8 6 0 6 0
SCA8 -18 -9 -18 -9
SCA8 -6 -9 -6 -9
SCA8 0 0 0 0
SCA8 -18 0 -18 0
SCA8 15 -9 15 -9
SCA8 33 -9 27 -9
SCA8 0 27 0 27
SCA8 12 -3 9 -3
SCA8 -9 0 -9 0
SCA8 -18 -18 -18 -18
SCA8 6 0 6 0
SCA8 -9 3 -9 3
SCA8 33 27 27 27
SCA8 0 0 0 0
SCA8 0 6 0 6
SCA8 0 -9 0 -9
SCA8 -18 15 -18 15
SCA8 18 6 18 3
SCA8 0 6 0 6
SCA8 -18 24 -18 24
SCA8 -9 -9 -9 -9
SCA8 -9 0 -9 0
SCA8 3 -3 0 -9
SCA8 -18 -9 -18 -9
SCA8 3 24 3 24
SCA8 -18 6 -18 6
SCA8 6 -9 3 -9
SCA8 6 0 3 0
SCA8 0 -6 0 -9
SCA8 -9 -9 -9 -9
SCA8 3 -3 0 -3
SCA8 3 0 3 0
SCA8 -9 -9 -9 -9
SCA8 6 3 6 6
SCA8 -3 3 -3 0
SCA8 -6 -6 -9 -6
SCA8 -9 -18 -9 -18
SCA8 -9 -9 -9 -9
SCA8 -9 -9 -6 -9
SCA8 -9 21 -6 18
SCA8 3 -15 3 -18
SCA8 -9 0 -9 0
SCA8 9 -9 9 -9
SCA8 0 -18 0 -18
SCA8 -18 6 -18 6
SCA8 -18 -27 -18 -27
SCA8 -9 0 -6 0
SCA8 27 6 27 6
SCA8 0 6 0 6
SCA8 -18 0 -18 0
SCA8 0 0 0 0
SCA8 -9 0 -9 0
SCA8 12 -9 12 -9
SCA8 0 -9 0 -9
SCA8 6 -15 6 0
SCA8 -18 -3 -18 -3
SCA8 6 -18 6 -18
SCA8 -9 27 -9 27
SCA8 -9 0 -9 0
SCA8 3 0 3 0
SCA8 0 0 0 0
SCA8 6 6 6 6
SCA8 6 0 6 0
SCA8 -18 0 -18 0
SCA8 -9 -6 -9 -9
SCA8 0 -3 0 -3
SCA8 3 15 0 15
SCA8 -3 0 -3 0
SCA8 -6 -9 -6 -9
SCA8 -18 -12 -18 -12
SCA8 3 -3 0 -3
SCA8 0 -18 0 -18
SCA8 -6 -12 -6 -12
SCA8 0 15 0 12
SCA8 -18 -18 -18 -18
SCA8 9 -18 9 -18
SCA8 0 0 0 0
SCA8 -18 0 -18 0
SCA8 12 -18 9 -18
SCA8 3 0 6 0
SCA8 0 0 3 0
SCA8 -9 -9 -9 -9
SCA8 9 -9 9 -9
SCA8 -18 -9 -18 -9
SCA8 6 -18 9 -18
SCA8 -18 0 -18 0
SCA8 -9 -9 -9 -9
SCA8 21 -18 18 -18
SCA8 0 0 0 0
SCA8 27 3 27 3
SCA8 0 -9 0 -9
SCA8 -6 -18 -9 -18
SCA8 0 -9 0 -9
SCA8 -18 0 -18 0
SCA8 15 3 15 3
SCA8 -6 0 -6 0
SCA8 9 0 9 0
SCA8 -9 0 -9 0
SCA8 0 3 0 3
SCA8 15 -18 15 -18
SCA8 0 18 0 15
SCA8 -9 -9 -9 -9
SCA8 -18 3 -18 3
SCA8 -18 3 -18 3
SCA8 3 -18 3 -18
SCA8 12 -18 9 -18
SCA8 6 -18 3 -18
SCA8 0 -9 0 -9
SCA8 -18 -9 -18 -9
SCA8 -6 -3 -9 -3
SCA8 -3 9 -3 9
SCA8 -9 0 -9 0
SCA8 3 0 3 0
SCA8 -9 -9 -9 -9
SCA8 0 12 0 15
SCA8 0 -18 0 -18
SCA8 15 18 15 15
SCA8 -9 3 -9 0
SCA8 -9 3 -9 3
SCA8 -18 -18 -18 -18
SCA8 0 -9 0 -9
SCA8 -9 0 -9 0
SCA8 3 -9 3 -9
SCA8 0 72 0 3
SCA8 0 0 0 0
SCA8 0 -9 0 -9
SCA8 0 -6 0 -9
SCA8 -18 0 -18 0
SCA8 0 -9 0 -9
SCA8 27 0 27 0
SCA8 -18 0 -18 0
SCA8 0 3 0 0
SCA8 0 39 0 27
SCA8 3 -18 3 -18
SCA8 -9 24 -6 24
SCA8 -9 9 -9 9
SCA8 -9 0 -9 0
SCA8 18 -9 18 -9
SCA8 0 -3 0 -3
SCA8 -21 -6 15 -9
SCA8 -9 21 -9 12
SCA8 -12 9 -9 9
SCA8 0 -18 3 -18
SCA8 72 -9 63 -9
SCA8 -9 -3 -9 0
SCA8 -18 -9 -18 -9
SCA8 6 0 6 0
SCA8 -18 -6 -18 -6
SCA8 -6 0 -6 3
SCA8 -9 3 -9 3
SCA8 -3 -3 -9 -3
SCA8 -9 -18 -9 -18
SCA8 -39 0 0 0
SCA8 9 -18 6 -15
SCA8 9 3 9 0
SCA8 27 -9 6 -9
SCA8 0 0 0 0
SCA8 12 -15 9 -15
SCA8 0 0 0 0
SCA8 -9 21 -9 15
SCA8 -9 -9 -9 -9
SCA8 0 -18 0 -18
SCA8 0 0 0 0
SCA8 -9 -18 -9 -18
SCA8 -18 -9 -18 -9
SCA8 -18 -9 -18 -9
SCA8 -18 -18 -18 -18
SCA8 -18 -15 -15 -18
SCA8 0 36 3 24
SCA8 -9 0 -9 0
SCA8 3 0 3 0
SCA8 -9 -9 -9 -9
SCA8 -18 9 -18 9
SCA8 3 6 3 6
SCA8 9 -9 6 -9
SCA8 15 63 15 72
SCA8 -18 -9 -18 -9
SCA8 -9 0 -9 0
SCA8 -18 0 -18 0
SCA8 -3 -18 -3 -18
SCA8 -18 -3 -18 -3
SCA8 -9 18 -9 15
SCA8 3 -9 3 -9
SCA8 -18 3 -18 3
SCA8 3 -9 0 -9
SCA8 0 18 0 15
SCA8 -9 -9 -9 -9
SCA8 0 -9 0 -9
SCA8 0 3 0 3
SCA8 0 -9 0 -9
SCA8 6 -18 3 -18
SCA8 0 -9 0 -9
SCA8 -9 -9 -9 -9
SCA8 6 -18 -9 -18
SCA8 -18 -9 -18 -9
SCA8 -9 0 -9 3
SCA8 -27 3 -27 0
SCA8 0 -18 0 -18
SCA8 0 0 0 0
SCA8 0 3 0 3
SCA8 0 -9 0 -9
SCA8 -18 -18 -18 -18
SCA8 -9 -21 -9 -21
SCA8 -9 -9 -9 0
SCA8 -9 -18 -9 -18
SCA8 -9 -18 -9 -18
SCA8 -18 0 -18 0
SCA8 -18 -9 -18 -9
SCA8 0 -6 0 -9
SCA8 3 -9 3 -9
SCA8 27 12 27 21
SCA8 0 0 0 0
SCA8 12 6 12 6
SCA8 3 3 0 3
SCA8 3 3 0 0
SCA8 6 15 6 15
SCA8 -9 -18 -6 -18
SCA8 -18 -18 -18 -18
SCA8 15 -18 15 -18
SCA8 0 -18 0 -18
SCA8 -3 9 -3 9
SCA8 0 0 0 0
SCA8 -18 -18 -18 -18
SCA8 6 -18 6 -18
SCA8 15 -9 15 -9
SCA8 -9 3 -9 3
SCA8 -9 -18 -9 -18
SCA8 -9 3 -9 3
SCA8 -9 9 -9 6
SCA8 0 0 0 0
SCA8 -18 3 -18 3
SCA8 -9 -6 -9 -6
SCA8 6 -18 6 -18
SCA8 -3 -18 -3 -18
SCA8 0 0 0 0
SCA8 -18 -9 -18 -9
SCA8 -18 -18 -18 -18
SCA8 0 -6 0 -9
SCA8 0 -9 0 -9
SCA8 -18 3 -18 3
SCA8 -18 -18 -18 -18
SCA8 -9 -18 -9 -18
SCA8 -9 57 -9 27
SCA8 6 -18 6 -18
SCA8 -9 15 -9 -9
SCA8 15 -3 15 -3
SCA8 -9 -3 -9 -3
SCA8 -9 -12 -9 -12
SCA8 -9 -9 -9 -9
SCA8 0 0 0 0
SCA8 -18 0 -18 0
SCA8 15 12 21 15
SCA8 -18 3 -18 3
SCA8 -9 -9 -9 -9
SCA8 0 -27 0 -27
SCA8 -9 -9 -9 -9
SCA8 9 -9 27 -9
SCA8 -9 -9 -9 -9
SCA8 -18 -9 -18 -9
SCA8 0 -3 -3 -3
SCA8 18 -18 36 -18
SCA8 0 3 0 0
SCA8 -18 -18 -18 -18
SCA8 0 0 0 0
SCA8 -9 -9 -9 -9
SCA8 3 -3 3 -3
SCA8 3 -3 3 -3
SCA8 0 3 0 3
SCA8 -18 -9 -18 -9
SCA8 -9 3 -9 3
SCA8 -9 3 3 -9
SCA8 0 18 0 18
SCA8 3 -18 3 -18
SCA8 3 6 -9 6
SCA8 24 0 24 0
SCA8 -18 -18 -18 -18
SCA8 -18 3 -18 3
SCA8 -18 -9 -18 -9
SCA8 0 0 0 72
SCA8 6 6 9 6
SCA8 6 3 0 0
SCA8 -9 15 -9 15
SCA8 -18 -9 -18 -9
SCA8 9 0 9 3
SCA8 0 -9 0 -9
SCA8 0 -18 0 -18
SCA8 0 -18 0 -18
SCA8 -12 -12 -12 -12
SCA8 -18 -18 -18 -18
SCA8 0 6 0 6
SCA8 -18 0 -18 0
SCA8 0 -12 0 -12
SCA8 -18 -18 -18 -18
SCA8 -9 -9 -9 -9
SCA8 -18 -9 -18 -9
SCA8 0 0 0 0
SCA8 -9 -3 -9 0
SCA8 -9 0 -9 0
SCA8 0 -9 0 -9
SCA8 -3 -9 0 -9
SCA8 -9 -9 -9 -9
SCA8 6 87 6 72
SCA8 -9 -18 -9 -18
SCA8 3 0 3 0
SCA8 3 3 3 0
SCA8 15 -9 15 -9
SCA8 3 3 3 3
SCA8 15 3 15 3
SCA8 6 -18 6 -18
SCA8 0 -12 0 -12
SCA8 -18 -9 -18 -9
SCA8 -12 -9 -12 -9
SCA8 3 -9 3 -9
SCA8 -18 0 -18 0
SCA8 -3 -3 -6 -3
SCA8 -9 3 -9 0
SCA8 -18 3 -18 3
SCA8 0 -18 0 -18
SCA8 -9 -9 -9 -9
SCA8 -15 -9 -15 -9
SCA8 0 -9 0 -9
SCA8 -18 3 -18 0
SCA8 -9 0 -9 0
SCA8 0 6 3 6
SCA8 -9 -9 -9 -9
SCA8 15 0 15 0
SCA8 3 0 3 3
SCA8 3 -9 3 -9
SCA8 -9 0 -9 15
SCA8 3 -18 -3 -18
SCA8 0 0 0 0
SCA8 -9 0 -9 -9
SCA8 18 -3 18 -3
SCA8 63 3 72 3
SCA8 9 -9 9 -9
SCA8 9 -9 9 -9
SCA8 0 -9 0 -9
SCA8 -9 3 -9 3
SCA8 0 -9 0 -9
SCA8 -18 0 -18 0
SCA8 3 -9 3 -9
SCA8 0 -9 0 -9
SCA8 15 -12 6 -12
SCA8 6 -18 6 -18
SCA8 -18 -9 -18 -9
SCA8 -9 0 -9 0
SCA8 0 -9 0 -9
SCA8 -18 0 -18 0
SCA8 3 -18 3 -18
SCA8 6 -18 6 -18
SCA8 -6 -3 -6 -3
SCA8 6 0 6 0
SCA8 15 0 15 0
SCA8 0 -9 0 -9
SCA8 -18 -18 -18 -18
SCA8 9 -18 9 -18
SCA8 0 15 0 15
SCA8 0 9 0 9
SCA8 3 0 0 0
SCA8 0 -18 0 -18
SCA8 -18 -18 -18 -18
SCA8 0 -18 0 -18
SCA8 6 0 6 0
SCA8 15 -6 15 -9
SCA8 3 0 3 0
SCA8 0 15 0 9
SCA8 0 0 0 0
SCA8 -18 0 -18 0
SCA8 -9 6 -9 6
SCA8 6 -9 6 -9
SCA8 -18 3 -18 3
SCA8 -18 12 -18 9
SCA8 -18 -9 -18 -9
SCA8 6 0 6 0
SCA8 -3 3 0 3
SCA8 0 -18 0 -18
SCA8 -9 0 -9 0
SCA8 3 -9 3 -9
SCA8 9 0 9 0
SCA8 15 -6 15 -6
SCA8 12 15 0 15
SCA8 0 6 0 0
SCA8 12 0 15 0
SCA8 3 12 0 15
SCA8 0 -9 0 -9
SCA8 -18 3 -18 3
SCA8 0 -9 0 -9
SCA8 -3 9 0 9
SCA8 3 -18 3 -18
SCA8 15 0 15 0
SCA8 0 72 0 63
SCA8 0 -18 0 -18
SCA8 -3 9 -3 0
SCA8 0 0 0 0
SCA8 -9 -9 -9 -9
SCA8 3 6 3 0
SCA8 0 -9 0 -9
SCA8 -9 6 -9 6
SCA8 18 0 18 0
SCA8 -18 12 -18 9
SCA8 -9 -9 -9 -9
SCA8 -9 -9 -9 -9
SCA8 0 3 0 0
SCA8 -9 0 -9 0
SCA8 -18 0 -18 0
SCA8 -18 -3 -18 0
SCA8 0 0 0 0
SCA8 3 -18 0 -18
SCA8 0 -9 0 -9
SCA8 -9 0 -9 0
SCA8 -6 -21 -3 -21
SCA8 -21 -18 -21 -18
SCA8 9 0 6 0
SCA8 -9 0 -9 0
SCA8 -18 -3 -18 -3
SCA8 -18 -9 -18 -9
SCA8 24 0 15 0
SCA8 3 12 3 15
SCA8 3 -3 3 -3
SCA8 -18 -9 -18 -9
SCA8 0 9 0 9
SCA8 6 -9 6 -9
SCA8 -18 -3 -18 -3
SCA8 -9 -9 -9 -9
SCA8 -18 12 -18 27
SCA8 -6 -18 -9 -18
SCA8 6 6 3 6
SCA8 0 12 0 9
SCA8 9 0 9 0
SCA8 0 24 0 27
SCA8 0 0 0 0
SCA8 0 -9 0 -9
SCA8 -18 -18 -18 -18
SCA8 0 -9 0 -9
SCA8 6 -9 6 -9
SCA8 -9 -9 -9 -9
SCA8 -18 -18 -18 -18
SCA8 3 -9 3 -9
SCA8 0 -6 0 -9
SCA8 -12 6 -12 6
SCA8 -9 0 -9 0
SCA8 -9 12 -9 9
SCA8 0 3 0 0
SCA8 -9 -9 -9 -9
SCA8 15 -6 15 -9
SCA8 3 0 3 0
SCA8 -9 3 -9 3
SCA8 -3 0 -3 0
SCA8 -18 -9 -18 -9
SCA8 -9 3 -9 -3
SCA8 3 -9 3 -9
SCA8 -18 3 -18 3
SCA8 -15 21 -15 27
SCA8 18 -18 18 -18
SCA8 -18 -3 -18 -3
SCA8 -18 -3 -18 -9
SCA8 -9 27 -9 27
SCA8 3 6 3 72
SCA8 -9 3 -9 0
SCA8 -3 -18 -3 -18
SCA8 15 3 15 3
SCA8 -18 3 -18 3
SCA8 6 -9 6 -9
SCA8 3 3 3 3
SCA8 -18 -9 -18 -9
SCA8 -3 0 -9 0
SCA8 15 0 12 3
SCA8 -18 3 -18 0
SCA8 -9 -9 3 -9
SCA8 3 0 3 0
SCA8 -3 -18 -3 -18
SCA8 3 6 3 6
SCA8 0 -9 0 -9
SCA8 -9 9 -9 3
SCA8 -9 -3 -9 -3
SCA8 0 -9 0 -9
SCA8 12 3 6 0
SCA8 -9 -18 -9 -18
SCA8 6 -6 6 -6
SCA8 3 -3 3 -3
SCA8 -18 9 -18 6
SCA8 -18 -9 -18 -9
SCA8 3 6 3 9
SCA8 -18 -9 -18 -9
SCA8 -18 -3 -18 -3
SCA8 -15 0 -15 0
SCA8 -9 -9 -6 -9
SCA8 -18 -18 -18 -18
SCA8 6 -9 6 -9
SCA8 3 -3 3 0
SCA8 18 0 18 0
SCA8 -9 3 -9 3
SCA8 21 0 18 0
SCA8 18 -18 15 -18
SCA8 3 15 3 15
SCA8 -18 0 -18 0
SCA8 -9 0 -9 0
SCA8 6 0 6 0
SCA8 15 3 15 3
SCA8 0 3 0 3
SCA8 15 -18 15 -18
SCA8 0 -18 0 -18
SCA8 6 9 6 9
SCA8 -9 0 -9 0
SCA8 0 15 0 15
SCA8 0 -18 0 -18
SCA8 -9 -9 -9 -9
SCA8 0 -9 0 -9
SCA8 0 -18 0 -18
SCA8 6 9 6 9
SCA8 -18 0 -18 0
SCA8 -9 6 -9 0
SCA8 0 -9 0 -9
SCA8 12 0 9 -9
SCA8 0 3 0 3
SCA8 0 0 0 0
SCA8 0 -18 0 -18
SCA8 3 -3 3 18
SCA8 -18 -9 -18 -9
SCA8 0 0 0 0
SCA8 15 6 15 3
SCA8 -9 6 -9 3
SCA8 -9 -9 -9 -9
SCA8 3 -9 3 -9
SCA8 18 -18 18 -18
SCA8 -9 -18 -9 -18
SCA8 -9 3 -9 0
SCA8 6 -9 6 -9
SCA8 -9 -18 -9 -18
SCA8 -18 0 -18 0
SCA8 0 -9 0 -9
SCA8 -3 3 -3 0
SCA8 0 6 0 6
SCA8 0 -9 0 -9
SCA8 -9 -9 -9 -9
SCA8 -6 0 -9 0
SCA8 6 -9 6 -9
SCA8 -9 0 -9 0
SCA8 0 -9 0 -9
SCA8 -18 -18 -18 -18
SCA8 6 18 3 18
SCA8 0 3 0 3
SCA8 -18 6 -18 3
SCA8 -18 15 -18 15
SCA8 0 -9 0 -9
SCA8 -9 -18 -9 -18
SCA8 6 0 6 0
SCA8 -9 -3 -9 -3
SCA8 0 -9 0 -9
SCA8 12 0 12 0
SCA8 -18 15 -18 15
SCA8 3 6 3 6
SCA8 6 0 3 0
SCA8 -9 -6 -9 -9
SCA8 3 15 0 15
SCA8 3 6 6 6
SCA8 9 0 9 0
SCA8 0 -9 0 -9
SCA8 3 -9 3 -9
SCA8 0 15 0 15
SCA8 9 0 6 0
SCA8 -18 -18 -18 -18
SCA8 -3 -12 -3 -12
SCA8 0 -9 0 3
SCA8 -9 3 -9 3
SCA8 0 -18 0 -18
SCA8 3 6 3 6
SCA8 0 6 0 6
SCA8 -9 -9 -9 -9
SCA8 -18 -9 -18 -9
SCA8 0 -3 3 -3
SCA8 -3 0 -3 3
SCA8 6 0 6 0
SCA8 -18 0 -18 -3
SCA8 0 -15 0 -15
SCA8 -9 0 -9 0
SCA8 3 30 3 24
SCA8 3 -9 3 -9
SCA8 -9 -9 -9 -9
SCA8 -18 -9 -18 -9
SCA8 0 -18 0 -18
SCA8 6 3 6 3
SCA8 15 9 15 9
SCA8 3 -9 3 -9
SCA8 -6 0 -9 0
SCA8 -18 21 -18 18
SCA8 0 -6 0 -9
SCA8 6 -18 6 -18
SCA8 -9 0 -9 0
SCA8 -9 0 -9 0
SCA8 -9 0 -9 0
SCA8 0 -18 0 -18
SCA8 9 -9 6 -9
SCA8 -9 -18 -9 -18
SCA8 -18 -18 -18 -18
SCA8 18 15 0 9
SCA8 6 -9 6 -9
SCA8 21 12 15 12
SCA8 -18 -3 -18 -3
SCA8 6 -9 0 -9
SCA8 9 -3 12 -9
SCA8 9 -12 12 0
SCA8 0 -18 0 -18
SCA8 -3 9 -3 9
SCA8 -9 18 -9 18
SCA8 -9 -18 -9 -18
SCA8 -9 -9 -9 -9
SCA8 -18 -18 -18 -18
SCA8 -9 -18 -9 -18
SCA8 3 0 3 0
SCA8 3 -18 -18 3
SCA8 3 -9 0 -9
SCA8 0 9 3 9
SCA8 -9 -18 -9 -18
SCA8 0 3 0 3
SCA8 -9 0 -9 0
SCA8 -9 3 -9 3
SCA8 0 0 0 0
SCA8 6 -9 6 -9
SCA8 -18 0 -18 0
SCA8 15 -6 15 -9
SCA8 -9 0 -9 0
SCA8 -18 3 -18 3
SCA8 0 0 0 0
SCA8 -27 6 -27 6
SCA8 -18 -9 -18 -9
SCA8 -9 6 -9 6
SCA8 -9 15 -9 15
SCA8 3 0 0 0
SCA8 3 -15 0 -15
SCA8 -18 15 -18 15
SCA8 -18 15 -18 15
SCA8 -9 3 -9 3
SCA8 30 0 24 0
SCA8 -9 6 -9 6
SCA8 -9 6 -9 0
SCA8 0 0 0 0
SCA8 -3 -9 -3 -9
SCA8 3 0 3 0
SCA8 -9 3 -6 3
SCA8 -3 0 -3 0
SCA8 0 0 0 0
SCA8 -18 0 -18 0
SCA8 0 18 -27 27
SCA8 -9 -6 -9 -6
SCA8 -18 3 -18 0
SCA8 6 -15 6 6
SCA8 -9 -18 3 -18
SCA8 -18 0 -18 0
SCA8 3 15 3 15
SCA8 -18 0 -18 0
SCA8 -9 6 -9 6
SCA8 0 3 0 3
SCA8 15 -27 15 -27
SCA8 3 -9 3 -9
SCA8 6 0 3 0
SCA8 0 15 0 15
SCA8 -9 -9 -9 -9
SCA8 -18 0 -18 0
SCA8 3 9 3 9
SCA8 6 0 6 0
SCA8 -18 0 -18 0
SCA8 0 0 0 0
SCA8 -18 -9 -18 -9
SCA8 30 18 24 15
SCA8 -9 0 -9 0
SCA8 3 -12 3 -12
SCA8 -9 0 -9 0
SCA8 15 0 15 0
SCA8 9 3 9 0
SCA8 0 -9 0 -9
SCA8 3 3 0 3
SCA8 6 0 6 9
SCA8 -9 -9 -9 -9
SCA8 -9 3 -6 3
SCA8 3 -18 3 -18
SCA8 -9 9 -9 9
SCA8 0 0 3 0
SCA8 -6 -18 -9 -18
SCA8 0 0 0 0
SCA8 -9 -9 -9 -9
SCA8 9 -9 6 -9
SCA8 -18 0 -18 0
SCA8 -3 -18 -3 -18
SCA8 0 -9 0 -9
SCA8 -9 0 -9 0
SCA8 -9 0 -9 0
SCA8 -9 -3 -9 -3
SCA8 -9 6 -9 6
SCA8 -9 -18 -9 -18
SCA8 18 3 15 3
SCA8 0 -18 0 -18
SCA8 6 -3 6 0
SCA8 -9 -9 -9 -9
SCA8 -9 -9 -9 -9
SCA8 -9 -18 -9 -18
SCA8 -3 15 -3 15
SCA8 -18 6 -9 -9
SCA8 -6 -18 -9 -18
SCA8 -9 -18 -9 -18
SCA8 18 -18 18 -18
SCA8 -18 -9 -18 -9
SCA8 -9 -3 -9 0
SCA8 -6 0 -6 0
SCA8 -6 0 -6 0
SCA8 -3 3 0 6
SCA8 0 3 0 0
SCA8 -15 6 -15 6
SCA8 3 -9 6 -9
SCA8 -18 -9 -18 -9
SCA8 -9 -9 -9 -9
SCA8 0 0 0 0
SCA8 6 18 6 15
SCA8 0 9 0 27
SCA8 -9 -12 -9 -12
SCA8 6 -9 3 -9
SCA8 12 18 18 12
SCA8 -3 0 -3 -27
SCA8 12 12 15 15
SCA8 3 0 0 3
SCA8 12 -9 15 -9
SCA8 -9 -9 -9 -9
SCA8 33 3 15 3
SCA8 -3 0 0 0
SCA8 0 -9 0 3
SCA8 -18 0 -18 0
SCA8 -18 3 -18 0
SCA8 0 3 -3 3
SCA8 6 0 6 0
SCA8 -18 -15 -15 -18
SCA8 -6 -18 -9 -18
SCA8 -9 -9 -9 -9
SCA8 -9 9 -9 9
SCA8 -9 -3 -3 -6
SCA8 3 6 3 6
SCA8 0 -18 0 -18
SCA8 6 -9 6 -9
SCA8 6 3 3 3
SCA8 9 3 9 3
SCA8 72 0 72 0
SCA8 0 -6 0 -9
SCA8 -3 3 -3 3
SCA8 3 -18 3 -18
SCA8 0 -9 0 -9
SCA8 -18 15 -18 15
SCA8 3 0 3 0
SCA8 -9 3 -9 3
SCA8 0 9 0 -9
SCA8 6 0 6 0
SCA8 -9 0 -9 0
SCA8 0 6 0 6
SCA8 24 -18 24 -18
SCA8 -9 -18 -9 -18
SCA8 -18 6 -18 6
SCA8 9 9 9 9
SCA8 3 0 -9 0
SCA8 -9 -18 -9 -18
SCA8 6 -9 6 -9
SCA8 0 0 0 0
SCA8 -18 0 -18 0
SCA8 0 -3 0 -3
SCA8 -18 9 -18 15
SCA8 -9 0 -9 0
SCA8 -9 24 -9 15
SCA8 -9 -9 -9 -9
SCA8 0 -9 0 -9
SCA8 -18 -15 -18 -15
SCA8 -9 12 -9 6
SCA8 3 -9 3 -9
SCA8 -3 -9 -9 -3
SCA8 3 -9 3 -9
SCA8 3 -18 0 -18
SCA8 -18 3 -18 3
SCA8 3 3 3 3
SCA8 0 0 0 0
SCA8 -9 0 -9 0
SCA8 3 -15 3 -15
SCA8 -18 24 -18 24
SCA8 -9 -9 -9 -9
SCA8 -9 -9 -9 -9
SCA8 -9 -9 -9 -9
SCA8 6 -9 27 -9
SCA8 -18 -18 -18 -18
SCA8 -18 -18 -18 -18
SCA8 -18 -9 -18 -9
SCA8 -18 3 -18 3
SCA8 0 3 3 0
SCA8 3 6 3 6
SCA8 3 0 3 0
SCA8 -18 3 -18 3
SCA8 0 3 0 3
SCA8 -9 0 -9 0
SCA8 -18 -12 -18 -12
SCA8 3 -18 0 -18
SCA8 3 -9 3 -9
SCA8 0 -18 0 -18
SCA8 15 3 15 3
SCA8 0 -18 0 -18
SCA8 18 6 18 0
SCA8 -18 6 -18 6
SCA8 0 0 0 0
SCA8 -9 -9 -9 -9
SCA8 -18 0 -18 0
SCA8 0 -9 0 -9
SCA8 30 -18 24 -18
SCA8 0 -6 0 -6
SCA8 3 0 3 0
SCA8 -9 15 -9 15
SCA8 3 -3 3 0
SCA8 0 0 0 0
SCA8 3 15 6 15
SCA8 0 3 0 3
SCA8 3 3 3 3
SCA8 -18 -18 -18 -18
SCA8 -12 -3 -12 -3
SCA8 0 -6 0 -6
SCA8 0 15 0 15
SCA8 -18 -9 -18 -9
SCA8 -3 -18 -3 -18
SCA8 0 3 0 0
SCA8 -3 0 -3 0
SCA8 0 0 0 0
SCA8 -9 15 -9 15
SCA8 -9 0 -9 0
SCA8 3 3 3 3
SCA8 -9 -18 -9 -18
SCA8 0 0 0 0
SCA8 0 -9 0 -9
SCA8 3 0 3 0
SCA8 0 -18 0 -18
SCA8 -18 9 -18 9
SCA8 6 -9 0 -9
SCA8 -9 -3 -9 -3
SCA8 -9 -18 -9 -18
SCA8 3 -18 0 -18
SCA8 -18 -9 -18 -9
SCA8 0 3 0 0
SCA8 0 3 0 3
SCA8 -18 15 -18 15
SCA8 6 -18 3 -18
SCA8 3 -9 3 -9
SCA8 -9 3 -9 -9
SCA8 0 0 0 0
SCA8 6 0 6 0
SCA8 -18 0 -18 0
SCA8 -3 -9 0 -9
SCA8 -3 3 -9 3
SCA8 -18 -18 -18 -18
SCA8 -9 -18 -9 -18
SCA8 -9 3 -9 3
SCA8 -18 3 -18 0
SCA8 -9 -9 -9 -9
SCA8 3 -9 0 -9
SCA8 3 0 0 0
SCA8 0 -9 0 -9
SCA8 27 -18 27 -18
SCA8 0 -18 0 -18
SCA8 -9 -18 -9 -18
SCA8 -9 -9 -9 -9
SCA8 0 -18 0 -18
SCA8 0 6 0 3
SCA8 0 0 0 0
SCA8 -9 15 -9 15
SCA8 0 -18 0 -18
SCA8 0 6 0 -9
SCA8 3 0 0 0
SCA8 -9 0 -9 0
SCA8 -15 0 -15 0
SCA8 -9 -18 -9 -18
SCA8 0 -18 0 -18
SCA8 3 6 3 6
SCA8 -9 3 -9 0
SCA8 6 0 6 3
SCA8 0 3 0 0
SCA8 0 0 0 0
SCA8 9 3 6 3
SCA8 -18 0 -18 0
SCA8 6 -18 6 -18
SCA8 -18 -9 -18 -9
SCA8 3 0 3 0
SCA8 -9 -3 -9 -3
SCA8 -18 6 -18 6
SCA8 0 3 0 0
SCA8 -18 -18 -18 -18
SCA8 6 3 27 0
SCA8 -18 12 -18 15
SCA8 3 -9 0 -6
SCA8 6 0 3 0
SCA8 -6 30 -9 27
SCA8 0 15 0 0
SCA8 0 -18 0 -18
SCA8 -9 -27 -9 -27
SCA8 -6 -18 -9 -18
SCA8 0 0 0 0
SCA8 -9 0 -9 0
SCA8 -3 0 -3 0
SCA8 -18 -9 -18 -9
SCA8 0 -18 0 -18
SCA8 9 0 9 0
SCA8 -9 -18 -9 -18
SCA8 0 0 0 0
SCA8 -18 -18 -18 -18
SCA8 6 72 6 63
SCA8 0 0 0 0
SCA8 -15 -9 -15 -9
SCA8 3 -18 3 -18
SCA8 0 -18 0 -18
SCA8 -9 9 -9 18
SCA8 0 -18 0 -18
SCA8 -18 0 -18 0
SCA8 -9 27 -9 27
SCA8 0 6 0 6
SCA8 69 9 72 9
SCA8 -18 -9 -18 -9
SCA8 -9 -9 -9 -9
SCA8 -9 -9 -9 -9
SCA8 0 -9 0 -9
SCA8 3 6 -9 9
SCA8 -6 -9 -6 -9
SCA8 -3 3 -3 3
SCA8 -6 -9 -3 -9
SCA8 0 0 0 0
SCA8 -18 3 -18 3
