SCA12 0 0 0 0
SCA12 0 9 0 9
SCA12 0 9 0 9
SCA12 9 0 9 0
SCA12 9 9 9 9
SCA12 0 0 0 0
SCA12 0 0 0 0
SCA12 3 9 0 9
SCA12 9 0 9 0
SCA12 0 0 0 0
SCA12 0 12 0 12
SCA12 24 15 24 15
SCA12 21 12 21 12
SCA12 0 24 0 24
SCA12 0 12 0 12
SCA12 12 -3 12 -3
SCA12 12 -3 12 -3
SCA12 15 9 15 9
SCA12 0 0 0 0
SCA12 0 0 0 0
SCA12 24 0 24 0
SCA12 12 0 12 0
SCA12 0 0 0 0
SCA12 0 0 0 0
SCA12 0 0 0 0
SCA12 0 12 0 12
SCA12 0 0 0 0
SCA12 0 0 0 0
SCA12 -3 24 -3 24
SCA12 0 0 0 0
SCA12 24 0 24 0
SCA12 15 0 15 0
SCA12 0 15 0 15
SCA12 15 15 15 15
SCA12 9 0 9 0
SCA12 0 0 0 0
SCA12 0 0 0 0
SCA12 0 0 0 0
SCA12 18 0 18 0
SCA12 0 0 0 0
SCA12 24 15 24 15
SCA12 0 0 0 0
SCA12 9 0 9 0
SCA12 0 0 0 0
SCA12 0 0 0 0
SCA12 18 15 15 15
SCA12 0 0 0 0
SCA12 6 12 0 12
SCA12 12 0 12 0
SCA12 0 0 0 0
SCA12 9 9 9 9
SCA12 15 0 15 0
SCA12 0 15 0 15
SCA12 -3 9 -3 9
SCA12 0 0 0 0
SCA12 15 0 15 0
SCA12 3 0 0 0
SCA12 -3 0 -3 0
SCA12 9 0 9 0
SCA12 0 0 0 0
SCA12 0 0 0 0
SCA12 0 0 0 0
SCA12 21 0 21 0
SCA12 15 9 15 9
SCA12 0 0 0 0
SCA12 0 0 0 0
SCA12 0 9 0 9
SCA12 0 0 0 0
SCA12 0 -3 0 -3
SCA12 0 0 0 0
SCA12 15 0 15 0
SCA12 -3 15 -3 15
SCA12 0 0 0 0
SCA12 0 12 0 12
SCA12 0 9 0 9
SCA12 9 15 9 15
SCA12 0 0 0 0
SCA12 -3 0 -3 0
SCA12 15 0 15 0
SCA12 9 0 9 0
SCA12 0 0 0 0
SCA12 0 0 0 0
SCA12 0 0 0 0
SCA12 0 15 0 15
SCA12 0 0 0 0
SCA12 18 9 18 9
SCA12 15 9 15 9
SCA12 18 12 18 9
SCA12 9 0 9 0
SCA12 0 -3 0 -3
SCA12 9 0 9 0
SCA12 0 -3 0 -3
SCA12 9 12 9 12
SCA12 0 9 0 9
SCA12 12 0 12 0
SCA12 0 3 0 0
SCA12 -3 0 -3 0
SCA12 0 0 0 0
SCA12 9 15 9 15
SCA12 12 0 12 0
SCA12 0 0 0 0
SCA12 0 0 0 0
SCA12 0 0 0 0
SCA12 0 9 0 9
SCA12 24 12 21 -3
SCA12 0 12 0 12
SCA12 15 0 15 0
SCA12 9 12 9 12
SCA12 9 0 9 0
SCA12 0 9 0 9
SCA12 9 9 9 9
SCA12 9 0 9 0
SCA12 12 12 12 12
SCA12 9 0 9 0
SCA12 -3 18 -3 15
SCA12 0 0 0 15
SCA12 15 9 15 9
SCA12 0 0 0 0
SCA12 0 -3 0 -3
SCA12 0 0 0 0
SCA12 12 0 12 0
SCA12 9 0 9 0
SCA12 18 9 18 9
SCA12 0 0 0 0
SCA12 0 3 0 0
SCA12 0 0 0 0
SCA12 0 12 0 12
SCA12 15 15 15 15
SCA12 0 0 0 0
SCA12 15 9 15 9
SCA12 0 15 0 15
SCA12 0 15 0 15
SCA12 0 9 0 9
SCA12 15 0 15 0
SCA12 15 0 15 0
SCA12 0 -3 0 -3
SCA12 12 12 12 12
SCA12 0 0 0 0
SCA12 0 0 0 0
SCA12 9 0 9 0
SCA12 0 45 0 45
SCA12 0 9 0 9
SCA12 15 12 15 12
SCA12 0 12 0 12
SCA12 0 12 0 15
SCA12 0 15 0 15
SCA12 12 0 12 0
SCA12 9 0 9 0
SCA12 0 0 0 0
SCA12 18 9 18 9
SCA12 0 24 0 24
SCA12 0 9 0 9
SCA12 0 15 0 15
SCA12 0 0 0 0
SCA12 0 18 0 15
SCA12 0 0 0 0
SCA12 0 0 0 0
SCA12 0 15 0 15
SCA12 0 9 0 9
SCA12 0 0 0 0
SCA12 15 0 15 0
SCA12 0 0 0 0
SCA12 0 3 0 0
SCA12 15 0 15 0
SCA12 0 12 0 12
SCA12 0 0 0 0
SCA12 0 0 0 0
SCA12 0 9 0 9
SCA12 0 0 0 0
SCA12 0 0 0 0
SCA12 0 15 0 15
SCA12 24 0 24 0
SCA12 0 24 0 21
SCA12 15 0 15 0
SCA12 0 0 0 0
SCA12 9 0 9 0
SCA12 0 15 0 15
SCA12 0 0 0 0
SCA12 18 0 18 0
SCA12 0 15 0 15
SCA12 0 15 0 15
SCA12 0 15 0 15
SCA12 15 0 15 0
SCA12 0 0 0 0
SCA12 0 0 0 0
SCA12 -3 -3 -3 -3
SCA12 0 0 0 0
SCA12 0 0 0 0
SCA12 0 24 0 24
SCA12 12 0 12 0
SCA12 12 0 12 0
SCA12 9 18 9 18
SCA12 9 0 9 0
SCA12 0 0 0 0
SCA12 0 0 0 0
SCA12 0 36 0 15
SCA12 0 0 0 0
SCA12 15 12 15 12
SCA12 12 9 12 9
SCA12 0 0 0 0
SCA12 0 0 0 0
SCA12 15 0 15 0
SCA12 0 9 0 9
SCA12 0 12 0 12
SCA12 0 -3 0 -3
SCA12 9 0 9 0
SCA12 0 9 0 9
SCA12 12 0 12 0
SCA12 9 9 9 9
SCA12 0 0 0 0
SCA12 0 -6 0 15
SCA12 15 0 15 0
SCA12 0 15 0 15
SCA12 0 24 0 24
SCA12 15 9 15 9
SCA12 -3 0 -3 0
SCA12 0 0 0 0
SCA12 0 0 0 0
SCA12 9 0 9 0
SCA12 -3 0 -3 0
SCA12 0 15 0 15
SCA12 15 9 15 9
SCA12 12 0 12 0
SCA12 15 0 15 0
SCA12 0 0 0 0
SCA12 0 0 0 0
SCA12 0 0 0 0
SCA12 12 9 12 9
SCA12 12 45 24 45
SCA12 0 18 0 18
SCA12 15 0 15 0
SCA12 0 15 0 15
SCA12 0 9 0 9
SCA12 12 15 12 15
SCA12 0 0 0 0
SCA12 0 0 0 0
SCA12 0 24 0 18
SCA12 9 9 9 9
SCA12 0 0 0 0
SCA12 15 9 15 9
SCA12 0 -3 0 -3
SCA12 0 15 0 15
SCA12 0 0 0 0
SCA12 0 9 0 9
SCA12 0 0 0 0
SCA12 15 24 15 18
SCA12 0 -3 0 -3
SCA12 18 0 18 0
SCA12 3 0 0 0
SCA12 9 0 9 0
SCA12 0 15 0 15
SCA12 12 0 12 0
SCA12 0 0 0 0
SCA12 9 15 9 15
SCA12 0 0 0 0
SCA12 15 -3 15 -3
SCA12 12 9 9 9
SCA12 12 0 12 0
SCA12 0 -3 0 -3
SCA12 0 15 0 15
SCA12 12 0 12 0
SCA12 21 0 21 0
SCA12 0 0 0 0
SCA12 0 9 0 9
SCA12 0 0 0 0
SCA12 15 0 15 0
SCA12 0 0 0 0
SCA12 0 15 0 15
SCA12 15 15 15 15
SCA12 0 0 0 0
SCA12 0 0 0 0
SCA12 0 0 0 0
SCA12 0 0 0 0
SCA12 0 0 0 0
SCA12 15 0 15 0
SCA12 -3 0 -3 0
SCA12 0 15 0 15
SCA12 9 9 9 9
SCA12 0 0 0 0
SCA12 21 12 15 12
SCA12 15 0 15 0
SCA12 -3 12 -3 -3
SCA12 9 12 0 12
SCA12 0 0 0 0
SCA12 0 3 0 0
SCA12 9 0 9 0
SCA12 0 15 0 15
SCA12 0 0 0 0
SCA12 0 0 0 0
SCA12 0 0 0 0
SCA12 0 -3 0 -3
SCA12 0 -3 0 -3
SCA12 9 0 9 0
SCA12 0 15 0 15
SCA12 15 0 15 0
SCA12 12 18 9 18
SCA12 12 9 12 9
SCA12 0 0 0 0
SCA12 0 15 0 15
SCA12 0 15 0 15
SCA12 0 0 0 0
SCA12 12 15 12 15
SCA12 0 39 0 15
SCA12 0 12 0 12
SCA12 9 0 9 0
SCA12 12 0 12 0
SCA12 15 0 15 0
SCA12 12 0 15 0
SCA12 15 0 15 0
SCA12 0 15 0 15
SCA12 0 0 0 0
SCA12 15 0 15 0
SCA12 15 0 15 0
SCA12 0 0 0 0
SCA12 0 9 0 9
SCA12 0 21 0 21
SCA12 0 0 0 0
SCA12 9 0 9 0
SCA12 9 0 0 0
SCA12 0 9 0 9
SCA12 18 0 18 0
SCA12 33 0 18 0
SCA12 12 15 12 15
SCA12 0 0 0 0
SCA12 9 0 9 0
SCA12 0 9 0 9
SCA12 0 0 0 0
SCA12 15 15 15 15
SCA12 0 15 0 15
SCA12 0 9 0 12
SCA12 0 15 0 15
SCA12 9 9 9 9
SCA12 0 -3 0 -3
SCA12 0 0 0 0
SCA12 0 0 0 0
SCA12 0 15 0 15
SCA12 0 0 0 0
SCA12 0 9 0 9
SCA12 -3 15 15 -3
SCA12 9 12 9 12
SCA12 0 12 0 12
SCA12 12 0 12 0
SCA12 0 15 0 15
SCA12 0 15 0 15
SCA12 0 0 0 0
SCA12 0 0 0 0
SCA12 27 0 6 0
SCA12 0 0 0 0
SCA12 0 0 0 0
SCA12 12 9 12 9
SCA12 0 15 0 0
SCA12 0 6 0 0
SCA12 0 -3 0 -3
SCA12 15 -3 15 -3
SCA12 0 12 0 12
SCA12 0 0 0 0
SCA12 0 0 0 0
SCA12 0 0 0 0
SCA12 15 0 15 0
SCA12 9 0 9 0
SCA12 0 0 0 0
SCA12 0 0 0 0
SCA12 0 18 0 18
SCA12 0 -3 0 -3
SCA12 -3 15 -3 15
SCA12 0 0 0 0
SCA12 0 9 0 9
SCA12 0 0 0 0
SCA12 0 15 0 15
SCA12 0 0 0 0
SCA12 0 15 0 15
SCA12 0 9 0 9
SCA12 9 0 9 0
SCA12 0 9 0 9
SCA12 12 0 12 0
SCA12 -3 0 -3 0
SCA12 0 0 0 0
SCA12 0 12 0 12
SCA12 15 15 15 15
SCA12 -3 0 -3 0
SCA12 0 18 0 18
SCA12 9 0 9 0
SCA12 12 0 12 0
SCA12 0 0 0 0
SCA12 0 9 0 9
SCA12 0 0 0 0
SCA12 0 0 0 0
SCA12 12 0 12 0
SCA12 15 0 15 0
SCA12 0 12 0 12
SCA12 0 9 0 9
SCA12 0 0 0 0
SCA12 0 15 0 15
SCA12 0 0 0 0
SCA12 9 12 9 9
SCA12 0 0 0 0
SCA12 0 15 0 15
SCA12 0 0 0 0
SCA12 0 -3 0 -3
SCA12 9 0 9 0
SCA12 0 0 0 0
SCA12 0 0 0 0
SCA12 3 0 0 0
SCA12 9 0 9 0
SCA12 0 15 0 15
SCA12 9 0 -3 0
SCA12 15 0 15 0
SCA12 9 -6 9 -6
SCA12 0 0 0 0
SCA12 0 0 0 0
SCA12 0 0 0 0
SCA12 12 0 12 0
SCA12 0 0 0 0
SCA12 0 0 0 0
SCA12 0 0 0 0
SCA12 0 0 0 0
SCA12 -3 0 -3 0
SCA12 0 9 0 9
SCA12 12 0 12 0
SCA12 9 0 9 0
SCA12 0 0 0 0
SCA12 9 15 9 45
SCA12 0 9 0 9
SCA12 0 21 0 21
SCA12 0 -3 0 -3
SCA12 0 0 0 0
SCA12 12 0 9 0
SCA12 0 3 0 0
SCA12 9 0 9 0
SCA12 0 0 0 0
SCA12 12 0 9 0
SCA12 12 0 12 0
SCA12 0 24 0 24
SCA12 0 0 0 0
SCA12 9 12 9 12
SCA12 0 3 0 0
SCA12 9 0 9 0
SCA12 0 0 0 0
SCA12 9 0 9 0
SCA12 9 0 9 0
SCA12 0 0 0 0
SCA12 0 0 0 0
SCA12 15 0 12 0
SCA12 0 0 0 0
SCA12 0 0 0 0
SCA12 9 9 9 9
SCA12 9 12 9 12
SCA12 0 0 0 0
SCA12 0 12 0 12
SCA12 0 0 0 0
SCA12 15 12 15 12
SCA12 15 9 15 9
SCA12 12 15 12 15
SCA12 0 0 0 0
SCA12 39 0 15 0
SCA12 0 0 0 0
SCA12 0 0 0 0
SCA12 0 15 0 15
SCA12 0 12 0 12
SCA12 0 18 0 18
SCA12 0 0 0 0
SCA12 9 12 9 12
SCA12 0 9 0 9
SCA12 0 12 0 12
SCA12 15 0 15 0
SCA12 0 0 0 0
SCA12 21 18 18 18
SCA12 0 15 0 15
SCA12 0 0 0 0
SCA12 0 9 0 9
SCA12 9 0 9 0
SCA12 0 0 0 0
SCA12 -3 9 -3 9
SCA12 15 9 15 9
SCA12 0 0 0 0
SCA12 9 0 9 0
SCA12 3 0 0 0
SCA12 0 0 0 0
SCA12 0 15 0 15
SCA12 0 12 0 12
SCA12 0 9 0 9
SCA12 9 9 9 9
SCA12 0 0 0 0
SCA12 -3 9 -3 9
SCA12 0 0 0 0
SCA12 0 0 0 0
SCA12 0 0 0 0
SCA12 0 24 0 24
SCA12 0 9 0 9
SCA12 0 0 0 0
SCA12 24 15 15 24
SCA12 0 0 0 0
SCA12 0 0 0 0
SCA12 9 -24 9 15
SCA12 15 9 15 9
SCA12 15 18 15 18
SCA12 9 0 9 0
SCA12 12 9 12 9
SCA12 0 0 0 0
SCA12 0 0 0 0
SCA12 0 12 0 12
SCA12 3 -3 0 -3
SCA12 0 9 0 9
SCA12 0 0 0 0
SCA12 0 9 0 9
SCA12 0 9 0 9
SCA12 0 0 0 0
SCA12 0 9 0 9
SCA12 9 9 9 9
SCA12 0 0 0 0
SCA12 0 0 0 0
SCA12 0 0 0 0
SCA12 9 0 9 0
SCA12 0 0 0 0
SCA12 0 0 0 0
SCA12 0 21 0 21
SCA12 0 0 0 0
SCA12 0 0 0 0
SCA12 0 0 0 0
SCA12 0 9 0 9
SCA12 0 0 0 0
SCA12 -3 9 -3 9
SCA12 0 12 0 12
SCA12 -3 0 -3 0
SCA12 0 15 0 15
SCA12 9 15 9 15
SCA12 0 12 0 12
SCA12 0 9 0 9
SCA12 -3 0 -3 0
SCA12 0 15 0 15
SCA12 9 0 9 0
SCA12 0 15 0 15
SCA12 9 9 9 9
SCA12 0 0 0 0
SCA12 12 0 12 0
SCA12 0 0 0 0
SCA12 15 12 15 12
SCA12 12 0 12 0
SCA12 0 0 0 0
SCA12 9 0 9 0
SCA12 0 0 0 0
SCA12 15 0 15 0
SCA12 0 0 0 0
SCA12 12 9 9 9
SCA12 0 0 0 0
SCA12 -3 0 -3 0
SCA12 9 0 9 0
SCA12 0 15 0 15
SCA12 24 0 24 0
SCA12 0 0 0 0
SCA12 0 0 0 0
SCA12 0 0 0 0
SCA12 -3 24 -3 24
SCA12 15 12 15 12
SCA12 0 0 0 0
SCA12 15 0 15 0
SCA12 12 0 12 0
SCA12 0 0 0 0
SCA12 9 9 9 9
SCA12 -3 0 -3 0
SCA12 9 12 9 12
SCA12 0 0 0 0
SCA12 0 0 0 0
SCA12 0 0 0 0
SCA12 0 0 0 0
SCA12 12 0 12 0
SCA12 12 15 12 15
SCA12 0 15 0 15
SCA12 0 0 0 0
SCA12 3 0 0 0
SCA12 12 0 12 0
SCA12 0 9 0 9
SCA12 0 -3 0 -3
SCA12 0 0 0 0
SCA12 24 0 24 0
SCA12 9 0 9 0
SCA12 21 12 21 12
SCA12 0 0 0 0
SCA12 15 0 15 0
SCA12 0 15 0 15
SCA12 0 0 0 0
SCA12 0 0 0 0
SCA12 9 3 9 0
SCA12 12 0 12 0
SCA12 9 0 9 0
SCA12 12 0 12 0
SCA12 9 0 9 0
SCA12 0 0 0 0
SCA12 0 9 0 9
SCA12 15 24 15 24
SCA12 0 0 0 0
SCA12 9 0 9 0
SCA12 15 0 15 0
SCA12 9 0 9 0
SCA12 15 3 15 0
SCA12 15 6 15 27
SCA12 0 0 0 0
SCA12 42 0 15 0
SCA12 0 0 0 0
SCA12 0 9 0 9
SCA12 12 15 12 15
SCA12 15 12 15 12
SCA12 15 0 15 0
SCA12 0 9 0 9
SCA12 0 0 0 0
SCA12 -9 15 0 15
SCA12 0 0 0 0
SCA12 12 0 15 0
SCA12 -3 0 -3 0
SCA12 0 0 0 0
SCA12 12 0 12 0
SCA12 9 9 9 9
SCA12 15 0 15 0
SCA12 0 0 0 0
SCA12 9 0 9 0
SCA12 0 9 0 9
SCA12 0 0 0 0
SCA12 0 0 0 0
SCA12 0 0 0 0
SCA12 -3 0 12 0
SCA12 15 9 6 9
SCA12 9 0 9 0
SCA12 0 9 0 9
SCA12 0 18 0 18
SCA12 0 0 0 0
SCA12 0 9 0 9
SCA12 0 3 0 0
SCA12 18 0 18 0
SCA12 0 9 0 9
SCA12 24 18 18 24
SCA12 -3 -3 -3 -3
SCA12 9 12 9 12
SCA12 9 21 9 18
SCA12 0 0 0 0
SCA12 15 15 15 21
SCA12 9 0 9 0
SCA12 18 0 18 0
SCA12 0 0 0 0
SCA12 -3 12 -3 12
SCA12 0 0 0 0
SCA12 9 0 9 0
SCA12 0 15 0 15
SCA12 9 12 9 12
SCA12 0 0 0 0
SCA12 0 0 0 0
SCA12 3 12 0 12
SCA12 9 0 9 0
SCA12 18 18 18 18
SCA12 0 0 0 0
SCA12 0 0 0 0
SCA12 15 9 15 9
SCA12 0 0 0 0
SCA12 0 0 0 0
SCA12 0 9 0 9
SCA12 0 0 0 0
SCA12 0 12 0 12
SCA12 9 12 9 12
SCA12 15 0 15 0
SCA12 12 0 12 0
SCA12 0 12 0 12
SCA12 0 0 0 0
SCA12 0 0 0 0
SCA12 0 0 0 0
SCA12 0 -3 0 -3
SCA12 15 15 15 15
SCA12 12 0 12 0
SCA12 12 -3 12 -3
SCA12 0 15 0 15
SCA12 0 0 0 0
SCA12 3 -3 0 -3
SCA12 0 0 0 0
SCA12 0 12 0 12
SCA12 0 0 0 0
SCA12 0 0 0 0
SCA12 12 9 12 9
SCA12 0 0 0 0
SCA12 -3 0 -3 0
SCA12 0 3 0 0
SCA12 0 9 0 9
SCA12 0 0 0 0
SCA12 9 9 9 9
SCA12 0 0 0 0
SCA12 15 0 15 0
SCA12 0 0 0 0
SCA12 15 3 15 0
SCA12 9 9 9 9
SCA12 3 0 0 0
SCA12 0 0 0 0
SCA12 0 33 0 15
SCA12 0 18 0 15
SCA12 15 15 15 15
SCA12 0 12 0 15
SCA12 9 15 9 18
SCA12 12 9 12 9
SCA12 0 0 0 0
SCA12 0 12 0 12
SCA12 0 12 0 12
SCA12 21 -3 24 -3
SCA12 9 12 12 12
SCA12 9 0 9 0
SCA12 15 0 15 0
SCA12 18 15 12 15
SCA12 0 0 0 0
SCA12 0 0 0 0
SCA12 0 0 0 0
SCA12 0 0 0 0
SCA12 9 0 9 0
SCA12 0 0 0 0
SCA12 0 0 0 0
SCA12 6 12 0 12
SCA12 0 0 0 0
SCA12 0 0 0 0
SCA12 12 15 12 15
SCA12 0 -3 0 -3
SCA12 0 15 0 15
SCA12 3 0 0 0
SCA12 18 24 15 15
SCA12 0 0 0 0
SCA12 0 21 0 21
SCA12 15 0 15 0
SCA12 24 9 24 9
SCA12 9 9 9 9
SCA12 9 0 9 0
SCA12 0 0 0 0
SCA12 0 0 0 0
SCA12 0 12 0 12
SCA12 0 27 0 24
SCA12 15 0 15 0
SCA12 0 0 0 0
SCA12 0 0 0 0
SCA12 15 15 15 0
SCA12 0 15 0 15
SCA12 0 0 0 0
SCA12 15 0 12 0
SCA12 9 9 9 9
SCA12 0 0 0 0
SCA12 0 15 0 15
SCA12 0 24 0 24
SCA12 0 0 0 0
SCA12 12 9 15 9
SCA12 -3 15 -3 15
SCA12 12 12 15 12
SCA12 0 0 0 0
SCA12 0 0 0 0
SCA12 15 0 15 0
SCA12 0 9 0 9
SCA12 0 0 0 0
SCA12 0 0 0 0
SCA12 9 0 9 0
SCA12 0 9 0 9
SCA12 0 0 0 0
SCA12 18 0 18 0
SCA12 9 12 9 12
SCA12 -3 15 -3 15
SCA12 0 9 0 9
SCA12 0 15 0 15
SCA12 12 0 12 0
SCA12 0 18 0 18
SCA12 0 0 0 0
SCA12 3 15 0 15
SCA12 15 0 15 0
SCA12 0 0 0 0
SCA12 15 0 15 0
SCA12 9 0 9 0
SCA12 21 9 21 9
SCA12 12 12 12 12
SCA12 9 0 9 0
SCA12 0 -3 0 -3
SCA12 0 0 0 0
SCA12 15 0 15 0
SCA12 15 0 15 0
SCA12 24 0 24 0
SCA12 0 0 0 0
SCA12 0 0 0 0
SCA12 9 0 9 0
SCA12 12 0 12 0
SCA12 0 18 0 18
SCA12 0 0 0 0
SCA12 -3 12 -3 12
SCA12 -6 9 -6 9
SCA12 0 15 0 15
SCA12 0 0 0 0
SCA12 3 0 0 0
SCA12 0 0 0 0
SCA12 0 15 0 15
SCA12 0 15 0 15
SCA12 0 0 0 0
SCA12 -3 0 -3 0
SCA12 0 9 0 9
SCA12 0 0 0 0
SCA12 15 -18 15 0
SCA12 15 0 15 0
SCA12 0 0 0 0
SCA12 0 0 0 0
SCA12 0 24 0 24
SCA12 9 9 9 12
SCA12 18 9 18 9
SCA12 -3 9 -3 9
SCA12 9 18 9 18
SCA12 12 0 12 0
SCA12 0 0 0 0
SCA12 9 0 9 0
SCA12 12 0 12 0
SCA12 9 12 9 12
SCA12 0 21 0 21
SCA12 0 0 0 0
SCA12 0 0 0 0
SCA12 0 0 0 0
SCA12 9 0 9 0
SCA12 0 0 0 0
SCA12 0 9 0 9
SCA12 0 0 0 0
SCA12 15 0 15 0
SCA12 0 9 0 9
SCA12 0 24 0 12
SCA12 6 15 15 15
SCA12 0 9 0 9
SCA12 9 0 9 0
SCA12 15 9 15 9
SCA12 0 15 0 15
SCA12 0 0 0 0
SCA12 0 0 0 0
SCA12 0 0 0 0
SCA12 0 0 0 0
SCA12 0 0 0 0
SCA12 18 9 18 9
SCA12 18 18 18 15
SCA12 -3 15 -3 15
SCA12 0 0 0 0
SCA12 9 0 9 0
SCA12 0 -3 0 -3
SCA12 0 0 0 0
SCA12 12 0 12 0
SCA12 0 -3 0 -3
SCA12 12 0 12 0
SCA12 12 0 12 0
SCA12 0 15 0 21
SCA12 -3 0 -3 0
SCA12 0 0 0 0
SCA12 0 0 0 0
SCA12 0 9 0 9
SCA12 0 15 0 15
SCA12 9 0 9 0
SCA12 15 -3 15 -3
SCA12 9 0 9 0
SCA12 0 15 0 15
SCA12 0 0 0 0
SCA12 0 0 0 0
SCA12 0 0 0 0
SCA12 9 12 9 12
SCA12 0 15 0 15
SCA12 0 0 0 0
SCA12 0 0 0 0
SCA12 0 0 0 0
SCA12 0 0 0 0
SCA12 0 9 0 9
SCA12 0 9 0 9
SCA12 0 15 0 15
SCA12 0 0 0 0
SCA12 9 0 9 0
SCA12 0 15 0 15
SCA12 0 0 0 0
SCA12 15 15 15 15
SCA12 12 15 12 15
SCA12 0 0 0 0
SCA12 0 0 0 0
SCA12 15 0 15 0
SCA12 0 0 0 0
SCA12 0 0 0 0
SCA12 12 15 12 15
SCA12 15 0 15 0
SCA12 15 0 15 0
SCA12 0 0 0 0
SCA12 0 0 0 0
SCA12 0 0 0 0
SCA12 0 0 0 0
SCA12 0 15 0 15
SCA12 12 0 12 0
SCA12 15 0 15 0
SCA12 12 0 12 0
SCA12 0 12 0 24
SCA12 0 -3 0 -3
SCA12 0 0 0 0
SCA12 0 12 0 12
SCA12 15 9 15 9
SCA12 0 0 0 0
SCA12 0 0 0 0
SCA12 0 9 0 9
SCA12 0 0 0 0
SCA12 0 -3 0 -3
SCA12 0 0 0 0
SCA12 0 0 0 0
SCA12 12 15 12 15
SCA12 9 9 9 9
SCA12 9 9 9 12
SCA12 0 0 0 0
SCA12 0 15 0 15
SCA12 0 27 0 24
SCA12 9 0 9 0
SCA12 21 0 21 0
SCA12 0 0 0 0
SCA12 12 12 12 12
SCA12 0 15 0 15
SCA12 0 0 0 0
SCA12 0 9 0 9
SCA12 0 0 0 0
SCA12 15 0 15 0
SCA12 0 0 0 0
SCA12 9 0 12 0
SCA12 0 12 0 12
SCA12 0 12 0 12
SCA12 -3 0 -3 0
SCA12 0 0 0 0
SCA12 0 15 0 15
SCA12 0 9 0 9
SCA12 15 0 15 0
SCA12 0 0 0 0
SCA12 0 0 0 0
SCA12 12 0 12 0
SCA12 0 0 0 0
SCA12 18 0 18 0
SCA12 9 9 9 9
SCA12 9 12 12 9
SCA12 0 15 0 15
SCA12 0 0 0 0
SCA12 0 0 0 0
SCA12 0 0 0 0
SCA12 0 0 0 0
SCA12 0 12 0 12
SCA12 0 9 0 9
SCA12 0 0 0 0
SCA12 0 0 0 0
SCA12 0 0 0 0
SCA12 0 0 0 0
SCA12 0 0 0 0
SCA12 0 0 0 0
SCA12 0 12 0 12
SCA12 0 12 0 12
SCA12 0 0 0 0
SCA12 0 9 0 9
SCA12 0 12 0 12
SCA12 0 0 0 0
SCA12 9 24 9 24
SCA12 -3 6 -3 15
SCA12 0 9 0 9
SCA12 0 0 0 0
SCA12 0 0 0 0
SCA12 15 0 15 0
SCA12 0 0 0 0
SCA12 18 0 18 0
SCA12 0 9 0 9
SCA12 9 9 9 9
SCA12 9 9 9 9
SCA12 9 0 15 0
SCA12 0 0 0 0
SCA12 0 9 0 9
SCA12 15 0 15 0
SCA12 0 0 0 0
