SS0012978 0 4  0 4 
SSC00004 -4 12  -4 12 
SSC00005 -4 12  -4 12 
SSC00012 12 -4  12 -4 
SSC00013 -4 -8  -4 -8 
SSC00083 -4 12  -4 12 
SSC00084 12 -4  12 -4 
SSC00117 -4 -4  -4 -4 
SSC00118 4 4  4 4 
SSC00138 -4 0  -4 0 
SSC00139 4 -4  4 -4 
SSC00174 4 8  4 8 
SSC00175 -4 4  -4 4 
SSC00185 4 8  4 4 
SSC00186 -4 -4  -4 -4 
SSC00252 -4 4  -4 4 
SSC00253 -4 4  -4 4 
SSC00255 -4 4  -4 4 
SSC00256 4 4  4 4 
SSC00318 -4 -4  -4 -4 
SSC00369 4 -4  4 -4 
SSC00381 0 12  0 12 
SSC00382 16 20  16 12 
SSC00470 -4 12  -4 12 
SSC00472 4 4  4 4 
SSC00473 -4 -4  -4 -4 
SSC00519 12 0  12 0 
SSC00520 12 4  12 4 
SSC00535 0 -4  0 -4 
SSC00536 12 4  12 4 
SSC00544 -4 4  -4 4 
SSC00545 4 4  4 4 
SSC00621 12 -4  12 -4 
SSC00623 -4 -4  -4 -4 
SSC00627 4 -4  4 -4 
SSC00628 -4 4  -4 4 
SSC00634 -4 12  -4 12 
SSC00635 8 -4  8 -4 
SSC00655 4 -8  4 -8 
SSC00656 -4 4  -4 4 
SSC00663 -4 -4  -4 -4 
SSC00664 4 4  4 4 
SSC00734 -4 12  -4 8 
SSC00735 -4 4  -4 4 
SSC00738 4 4  4 8 
SSC00765 -4 4  -4 4 
SSC00766 0 12  0 12 
SSC00771 -4 4  -4 4 
SSC00772 4 -4  4 -4 
SSC00774 0 -4  0 -4 
SSC00775 4 -4  4 -4 
SSC00811 -4 -4  -4 -4 
SSC00812 -4 4  -4 8 
SSC00836 8 4  8 4 
SSC00837 0 4  0 4 
SSC00853 -4 -4  -4 -4 
SSC00860 -4 -4  -4 -4 
SSC00861 4 4  4 4 
SSC00867 4 4  4 4 
SSC00868 4 -4  4 -4 
SSC00896 12 -4  12 -4 
SSC00897 4 12  4 12 
SSC00905 4 -4  4 4 
SSC00907 4 -4  4 -4 
SSC00948 4 -4  4 -4 
SSC00949 -4 4  -4 4 
SSC00951 4 4  4 -4 
SSC00952 12 4  12 4 
SSC00965 -4 8  -4 8 
SSC00966 -4 4  -4 4 
SSC01005 4 4  4 4 
SSC01111 4 4  4 4 
SSC01112 4 -4  4 -4 
SSC01964 4 -4  4 -4 
SSC01965 -4 -4  -4 -4 
SSC01995 4 -4  4 -4 
SSC01996 -4 4  -4 4 
SSC02022 -4 4  -4 4 
SSC02023 -4 -4  -4 -4 
SSC02028 -4 4  -4 4 
SSC02029 -4 4  -4 4 
SSC02056 4 4  4 4 
SSC02057 4 -4  4 -4 
SSC02063 4 4  4 4 
SSC02066 -4 -4  -4 -4 
SSC02101 4 -8  4 -8 
SSC02106 4 -4  4 -4 
SSC02108 4 -8  4 -8 
SSC02114 12 4  12 4 
SSC02202 4 4  4 4 
SSC02208 4 8  8 4 
SSC02234 4 4  8 4 
SSC02240 4 4  4 4 
SSC02294 -4 -4  -4 -4 
SSC02297 4 4  4 4 
SSC02396 20 0  20 0 
SSC02399 -4 8  -4 8 
SSC02412 12 4  12 4 
SSC02413 4 12  4 12 
SSC02417 4 -4  4 -4 
SSC02420 4 4  4 4 
SSC02421 0 0  0 0 
SSC02423 -4 -4  -4 -4 
SSC02436 16 4  16 4 
SSC02439 8 4  12 4 
SSC02467 -4 4  -4 4 
SSC02468 -4 4  -4 4 
SSC02474 12 4  12 4 
SSC02503 -4 4  -4 4 
SSC02509 4 12  4 12 
SSC02513 4 -4  4 -4 
SSC02523 0 -4  0 -4 
SSC02613 -4 8  -4 4 
SSC02614 4 -4  4 12 
SSC02618 -4 4  -4 4 
SSC02633 -4 4  -4 4 
SSC02650 4 -4  4 -4 
SSC02659 4 12  4 12 
SSC02689 4 0  4 0 
SSC02692 -4 -4  -4 -4 
SSC02704 12 0  12 0 
SSC02710 -4 4  -4 4 
SSC02763 4 -8  4 -8 
SSC02784 4 -4  4 -4 
SSC02786 4 4  4 4 
SSC02790 -4 4  -4 4 
SSC02795 -4 12  -4 12 
SSC02802 0 -4  0 -4 
SSC02803 4 4  4 4 
SSC02805 -4 -4  -4 -4 
SSC02807 4 -4  4 -4 
SSC02854 4 4  4 4 
SSC02857 12 4  12 4 
SSC02865 4 4  4 4 
SSC02870 0 4  0 4 
SSC02892 4 4  4 4 
SSC02898 4 -4  4 -4 
SSC02940 4 -4  4 -4 
SSC02942 -4 4  -4 4 
SSC02946 12 16  12 16 
SSC02948 4 4  4 4 
SSC02964 4 4  4 4 
SSC02967 4 4  4 4 
SSC02974 0 4  0 4 
SSC02978 12 -4  12 -4 
SSC02992 8 -4  8 -4 
SSC03005 -4 -4  -4 -4 
SSC03006 4 12  4 12 
SSC03008 -4 -4  -4 -4 
SSC03018 4 -8  4 -8 
SSC03020 -4 -4  -4 -4 
SSC03022 4 4  4 4 
SSC03025 4 4  4 4 
SSC03035 -4 4  -4 4 
SSC03042 4 4  4 4 
SSC03047 -4 8  -4 4 
SSC03055 4 8  4 8 
SSC03056 12 4  12 4 
SSC03061 12 4  12 4 
SSC03097 -4 -4  -4 -4 
SSC03101 -4 4  -4 4 
SSC03126 12 0  12 0 
SSC03137 4 -4  4 -4 
SSC03144 -4 4  -4 4 
SSC03162 -4 4  -4 4 
SSC03166 -4 -4  -4 -4 
SSC03250 4 4  4 4 
SSC03251 4 4  4 4 
SSC03253 4 -4  4 -4 
SSC03265 -4 4  -4 4 
SSC03267 -4 4  -4 4 
SSC03270 4 -4  4 -4 
SSC03280 -4 -4  -4 -4 
SSC03289 4 -8  4 -8 
SSC03356 4 -4  4 -4 
SSC03366 -8 -4  -8 -4 
SSC03390 -4 -4  -4 -4 
SSC03391 0 -4  0 -4 
SSC03397 -4 -4  -4 -4 
SSC03399 -4 4  -4 4 
SSC03400 -4 0  -4 0 
SSC03402 -4 -4  -4 -4 
SSC03426 -4 -4  -4 -4 
SSC03477 4 4  4 4 
SSC03479 -4 12  -4 12 
SSC03481 4 12  4 -4 
SSC03484 -4 -4  -4 -4 
SSC03489 4 4  4 4 
SSC03491 0 4  0 4 
SSC03492 4 4  4 4 
SSC03500 12 -4  12 -4 
SSC03514 -8 12  -8 12 
SSC03556 4 -4  4 -4 
SSC03567 12 4  8 4 
SSC03611 -4 -8  -4 -8 
SSC03616 4 4  4 4 
SSC03624 4 8  4 12 
SSC03629 -4 -4  -4 -4 
SSC03638 4 -4  4 -4 
SSC03642 -4 4  -4 4 
SSC03653 -4 12  -4 12 
SSC03656 12 4  12 -4 
SSC03659 -4 4  -4 4 
SSC03664 4 4  4 4 
SSC03684 -4 -4  -4 -4 
SSC03688 -4 16  -4 16 
SSC03693 4 4  4 4 
SSC03703 4 -4  4 -4 
SSC03719 4 12  4 12 
SSC03720 -4 4  -4 4 
SSC03727 4 16  4 12 
SSC03730 12 4  12 4 
SSC03768 0 4  0 4 
SSC03771 4 4  4 4 
SSC03794 8 -4  8 -4 
SSC03800 -4 -4  -4 -4 
SSC03850 4 -4  -4 0 
SSC03855 -4 -4  -4 -4 
SSC03944 12 -4  12 -4 
SSC03945 -4 -4  -4 -4 
SSC03975 4 -4  4 -4 
SSC03978 4 -4  4 -4 
SSC03994 4 -4  4 -4 
SSC03997 4 4  4 4 
SSC03999 -4 -4  -4 -4 
SSC04002 -4 -4  -4 -4 
SSC04008 4 4  4 4 
SSC04012 -4 12  -4 12 
SSC04032 4 4  4 4 
SSC04034 4 0  4 0 
SSC04052 -4 4  -4 4 
SSC04064 4 -4  4 -4 
SSC04221 4 4  4 4 
SSC04227 4 4  4 4 
SSC04270 4 -4  0 -4 
SSC04274 4 0  4 0 
SSC04306 4 4  4 4 
SSC04356 4 4  4 4 
SSC04364 4 4  4 4 
SSC04370 -4 4  -4 4 
SSC04372 4 4  4 4 
SSC04401 4 4  4 4 
SSC04409 4 4  4 4 
SSC04426 -4 4  -4 4 
SSC04436 4 4  4 4 
SSC04437 12 12  12 12 
SSC04442 4 12  4 12 
SSC04444 12 -4  16 -4 
SSC04446 4 12  4 12 
SSC04473 4 12  4 8 
SSC04489 -4 8  -4 4 
SSC04519 4 4  4 4 
SSC04521 4 4  4 4 
SSC04522 12 4  12 4 
SSC04523 4 4  4 4 
SSC04528 0 4  -4 4 
SSC04531 20 4  12 4 
SSC04543 12 12  12 12 
SSC04569 4 -4  4 -4 
SSC04572 12 0  12 0 
SSC04598 12 12  12 12 
SSC04600 -4 -4  -4 -4 
SSC04612 4 -4  4 -4 
SSC04617 4 16  4 16 
SSC04638 -4 4  -4 4 
SSC04646 4 -4  4 -4 
SSC04658 12 -4  16 -4 
SSC04678 4 -4  4 -4 
SSC04684 4 4  4 4 
SSC04722 4 4  4 4 
SSC04723 12 12  16 12 
SSC04737 -4 12  -4 12 
SSC04759 -4 -4  -4 -4 
SSC04760 4 4  4 4 
SSC04763 0 4  0 4 
SSC04765 4 4  4 4 
SSC04815 4 12  4 12 
SSC04820 4 -4  4 -4 
SSC04853 4 -4  4 -4 
SSC04862 8 4  8 4 
SSC04864 4 8  4 4 
SSC04867 12 4  12 4 
SSC04871 4 -4  4 -4 
SSC04887 -4 4  -4 4 
SSC04901 4 4  4 4 
SSC04935 4 4  4 12 
SSC04943 12 4  12 4 
SSC04944 -4 4  -4 4 
SSC04945 -8 -8  -8 -8 
SSC04947 4 4  4 4 
SSC04969 12 4  12 4 
SSC04972 12 -4  8 -4 
SSC04997 4 -4  4 -4 
SSC04998 4 12  4 12 
SSC05000 4 4  4 4 
SSC05010 -8 12  -8 12 
SSC05012 4 4  4 4 
SSC05019 4 -4  4 -4 
SSC05033 4 -4  4 -4 
SSC05041 8 4  8 4 
SSC05095 4 -4  4 -4 
SSC05096 4 -4  4 -4 
SSC05104 4 4  4 4 
SSC05106 4 0  4 0 
SSC05126 4 12  4 12 
SSC05127 4 -4  4 -4 
SSC05128 -4 0  -4 0 
SSC05131 12 8  12 8 
SSC05133 4 -4  4 -4 
SSC05151 -4 4  -4 4 
SSC05176 4 0  4 0 
SSC05184 -4 4  -4 4 
SSC05203 4 16  4 12 
SSC05209 4 12  4 8 
SSC05227 4 12  4 8 
SSC05237 4 4  4 4 
SSC05242 4 4  4 4 
SSC05245 4 4  4 4 
SSC05253 4 12  4 8 
SSC05256 12 4  12 8 
SSC05288 12 12  12 12 
SSC05291 -8 -8  -8 -8 
SSC05293 8 8  8 8 
SSC05303 0 4  0 4 
SSC05304 -4 -4  -4 -4 
SSC05308 4 0  4 0 
SSC05311 4 4  4 4 
SSC05313 4 4  4 4 
SSC05368 4 4  4 4 
SSC05379 4 12  4 12 
SSC05390 -4 4  -4 4 
SSC05419 4 12  4 12 
SSC05424 4 8  4 12 
SSC05441 -4 4  -4 4 
SSC05443 4 4  4 4 
SSC05454 4 4  4 4 
SSC05456 -4 8  -4 8 
SSC05474 4 -4  4 -4 
SSC05479 -4 -4  -4 -4 
SSC05486 4 4  4 4 
SSC05488 -4 4  -4 4 
SSC05504 8 4  8 -8 
SSC05534 4 -4  4 -4 
SSC05603 -4 -4  -4 -4 
SSC05606 4 4  4 4 
SSC05607 0 12  0 12 
SSC05609 4 8  4 12 
SSC05612 4 4  4 4 
SSC05620 12 -4  12 -4 
SSC05623 4 12  4 12 
SSC05636 12 4  12 4 
SSC05648 4 4  4 4 
SSC05683 -4 4  -4 4 
SSC05685 -4 -4  -4 -4 
SSC05695 -4 4  -4 4 
SSC05760 4 4  4 4 
SSC05764 -4 8  -4 8 
SSC05833 -4 -4  -4 -4 
SSC05843 4 4  4 4 
SSC05851 4 4  4 4 
SSC05852 12 4  12 4 
SSC05863 4 -4  4 -4 
SSC05864 4 4  4 4 
SSC05868 4 4  4 4 
SSC05871 4 4  4 4 
SSC05887 12 4  12 4 
SSC05891 -4 12  -4 12 
SSC05921 -4 4  -4 4 
SSC05922 -4 4  -4 4 
SSC05925 16 4  16 4 
SSC05927 4 4  4 4 
SSC05948 4 12  4 12 
SSC05953 4 4  4 12 
SSC05976 4 4  4 4 
SSC05985 -4 4  -4 4 
SSC05998 8 4  8 4 
SSC06002 8 4  4 4 
SSC06015 -4 4  -4 4 
SSC06016 8 -4  4 -4 
SSC06021 4 -4  4 -4 
SSC06022 4 -4  4 -4 
SSC06032 12 12  12 12 
SSC06034 4 4  4 4 
SSC06048 -4 4  -4 4 
SSC06058 -4 8  -4 8 
SSC06098 -4 4  -4 4 
SSC06101 -4 4  -4 4 
SSC06105 4 4  4 4 
SSC06119 4 12  4 12 
SSC06120 -4 4  -4 4 
SSC06123 -4 4  -4 4 
SSC06125 4 4  4 4 
SSC06135 12 -4  12 -4 
SSC06139 4 12  4 12 
SSC06158 -4 -4  -4 -4 
SSC06160 4 -4  4 -4 
SSC06177 4 -4  4 -4 
SSC06181 0 -4  0 -4 
SSC06207 4 -4  4 -4 
SSC06211 4 4  4 4 
SSC06251 -4 -4  -4 0 
SSC06261 4 -8  4 -8 
SSC06262 8 -4  8 -4 
SSC06288 4 8  4 4 
SSC06291 4 4  4 4 
SSC06328 4 4  4 -4 
SSC06329 12 12  12 12 
SSC06333 8 4  4 4 
SSC06337 4 4  4 4 
SSC06350 4 0  4 0 
SSC06357 -4 -4  -4 -4 
SSC06393 4 4  4 4 
SSC06402 4 12  4 12 
SSC06437 -4 12  -4 12 
SSC06440 4 4  4 4 
SSC06443 4 8  4 8 
SSC06449 4 -4  4 -4 
SSC06478 4 4  4 4 
SSC06486 0 4  -4 4 
SSC06528 4 -4  4 -4 
SSC06530 4 4  4 4 
SSC06531 4 -4  -4 4 
SSC06534 4 4  4 4 
SSC06539 -4 -4  -4 -4 
SSC06542 -4 4  -4 4 
SSC06550 0 0  0 0 
SSC06551 4 12  4 12 
SSC06617 -4 -4  -4 -4 
SSC06622 4 4  4 4 
SSC06626 8 4  12 4 
SSC06628 4 4  4 4 
SSC06630 4 4  4 4 
SSC06631 -1 4  -1 4 
SSC06641 4 12  4 12 
SSC06647 4 4  4 4 
SSC06661 -4 -4  -4 -4 
SSC06663 -4 -4  -4 -4 
SSC06665 4 -4  4 -4 
SSC06669 -4 12  -4 12 
SSC06673 -4 4  -4 4 
SSC06677 -4 4  -4 4 
SSC06685 -4 4  -4 4 
SSC06687 4 -4  4 -4 
SSC06713 -4 -4  -4 -4 
SSC06715 -4 -4  -4 -4 
SSC06727 12 8  4 12 
SSC06732 4 12  4 4 
SSC06757 12 -8  16 -8 
SSC06760 -4 4  -4 4 
SSC06791 4 -4  4 -4 
SSC06796 -4 -4  -4 -4 
SSC06856 4 4  4 4 
SSC06859 -1 4  -1 4 
SSC06876 -8 12  -8 16 
SSC06890 4 4  4 4 
SSC06893 4 4  4 4 
SSC06894 -4 4  -4 4 
SSC06896 0 12  -4 12 
SSC06902 0 4  0 4 
SSC06909 -4 -8  -4 -8 
SSC06910 4 -4  4 -4 
SSC06915 -4 4  -4 4 
SSC06933 4 4  4 4 
SSC06935 4 4  4 4 
SSC06939 4 4  4 4 
SSC06942 4 -4  4 -4 
SSC06975 4 12  4 12 
SSC06983 -4 4  -4 4 
SSC06988 0 -4  0 -4 
SSC06990 -4 8  -4 8 
SSC07017 -4 4  -4 4 
SSC07020 4 4  4 4 
SSC07031 4 4  4 4 
SSC07037 4 -4  4 -4 
SSC07050 -4 12  -4 8 
SSC07056 4 4  4 4 
SSC07080 0 4  0 4 
SSC07086 4 4  4 4 
SSC07102 4 -4  4 -4 
SSC07103 4 8  4 8 
SSC07104 12 -4  16 -4 
SSC07105 -4 4  -4 4 
SSC07109 8 16  4 12 
SSC07111 -4 0  -4 0 
SSC07146 4 4  4 4 
SSC07150 -4 12  -4 12 
SSC07152 4 4  4 4 
SSC07161 12 4  12 4 
SSC07164 -4 4  -4 4 
SSC07166 4 4  4 4 
SSC07188 -4 4  -4 4 
SSC07196 12 4  12 4 
SSC07197 4 -4  4 -4 
SSC07198 4 4  4 4 
SSC07203 -4 4  -4 4 
SSC07205 4 4  4 4 
SSC07213 4 0  4 0 
SSC07219 4 0  4 0 
SSC07241 -4 -4  -4 -4 
SSC07246 -4 4  -4 4 
SSC07266 12 -4  12 -4 
SSC07270 4 12  4 12 
SSC07306 4 12  4 12 
SSC07310 12 -4  12 -4 
SSC07311 4 4  4 4 
SSC07312 4 12  4 12 
SSC07319 12 -4  12 -4 
SSC07322 -4 4  -4 4 
SSC07375 4 4  4 4 
SSC07474 -4 -4  -4 -4 
SSC07478 4 4  4 4 
SSC07479 -4 4  -4 4 
SSC07483 4 4  4 4 
SSC07489 -4 -4  -4 -4 
SSC07499 -4 -4  -4 -4 
SSC07509 -4 0  -4 0 
SSC07531 -4 -4  -4 -4 
SSC07536 4 4  4 4 
SSC07573 4 -4  4 -4 
SSC07661 -4 4  -4 4 
SSC07667 -4 -4  -4 -4 
SSC07688 4 8  4 12 
SSC07692 4 12  4 12 
SSC07720 4 0  4 0 
SSC07724 12 12  12 12 
SSC07725 4 -4  4 -4 
SSC07731 4 4  4 4 
SSC07736 4 12  4 12 
SSC07737 12 12  12 12 
SSC07738 4 -4  4 -4 
SSC07744 8 4  8 4 
SSC07760 -4 -4  -4 -4 
SSC07762 4 -4  4 -4 
SSC07779 12 12  12 12 
SSC07781 12 16  16 16 
SSC07832 -4 -4  -4 -4 
SSC07840 -4 4  -4 4 
SSC07845 12 4  12 -4 
SSC07846 12 12  12 12 
SSC07848 -4 8  -4 8 
SSC07850 -4 4  -4 4 
SSC07866 -4 -4  -4 -4 
SSC07873 4 12  4 12 
SSC07905 4 4  4 4 
SSC07921 4 -4  4 -4 
SSC07925 8 -4  8 -4 
SSC07926 -4 4  -4 4 
SSC07937 0 4  0 4 
SSC07941 -4 4  -4 4 
SSC07955 4 4  4 4 
SSC07960 -4 4  -4 4 
SSC07973 16 -4  16 -4 
SSC07975 12 -4  12 -4 
SSC07978 4 -4  4 -4 
SSC07982 4 -4  4 -4 
SSC08007 -4 -4  -4 -4 
SSC08010 -4 -4  -4 -4 
SSC08017 -4 4  -4 4 
SSC08022 12 4  12 4 
SSC08037 4 4  4 4 
SSC08060 -4 4  -4 4 
SSC08063 4 4  4 4 
SSC08064 4 16  4 12 
SSC08068 -4 4  -4 4 
SSC08100 12 -4  12 -4 
SSC08139 4 0  4 0 
SSC08142 -4 -4  -4 4 
SSC08144 4 4  4 4 
SSC08147 4 4  4 4 
SSC08149 0 16  0 16 
SSC08156 4 4  4 4 
SSC08159 12 4  16 4 
SSC08222 -4 -4  -4 -4 
SSC08223 -4 4  -4 4 
SSC08234 4 4  4 4 
SSC08248 0 0  0 0 
SSC08251 4 -4  4 -4 
SSC08268 4 -4  4 -4 
SSC08269 -4 4  -4 4 
SSC08273 -4 16  -4 16 
SSC08276 12 12  12 8 
SSC08283 -4 20  -4 12 
SSC08337 4 -4  4 -4 
SSC08365 4 -4  4 -4 
SSC08367 4 12  4 12 
SSC08370 16 4  16 4 
SSC08391 4 12  4 12 
SSC08411 4 4  4 4 
SSC08419 4 -4  4 -4 
SSC08428 4 4  4 4 
SSC08436 -4 4  -4 4 
SSC08437 0 -4  0 -4 
SSC08453 -4 -4  -4 -4 
SSC08472 -4 4  -4 8 
SSC08496 12 -4  12 -4 
SSC08568 4 12  4 12 
SSC08570 4 4  4 4 
SSC08572 4 8  4 4 
SSC08576 -4 4  -4 4 
SSC08585 4 -4  4 -4 
SSC08589 12 4  12 4 
SSC08629 -4 4  -4 4 
SSC08631 4 -4  4 -4 
SSC08734 -4 4  -4 4 
SSC08737 -4 12  -4 12 
SSC08751 -4 -4  -4 -4 
SSC08752 -4 -4  -4 -4 
SSC08757 4 4  4 4 
SSC08760 -4 4  -4 4 
SSC08762 4 4  4 4 
SSC08872 4 4  4 4 
SSC08902 -4 -4  -4 -4 
SSC08928 4 -4  4 -4 
SSC08930 -4 -4  -4 -4 
SSC08931 -4 4  -4 4 
SSC08933 4 -4  4 -4 
SSC08941 -4 4  -4 4 
SSC08948 -4 4  -4 4 
SSC08958 4 8  4 8 
SSC08960 8 4  8 4 
SSC08961 -4 -4  -4 -4 
SSC08962 4 4  4 4 
SSC08966 4 4  4 4 
SSC08971 4 12  4 12 
SSC08973 -4 4  -4 4 
SSC08975 4 4  4 4 
SSC08990 4 4  4 4 
SSC08997 4 -4  4 -4 
SSC09000 4 12  4 12 
SSC09001 -8 4  -8 4 
SSC09002 4 4  4 4 
SSC09009 4 -4  4 -4 
SSC09011 -8 12  -8 12 
SSC09019 12 4  12 4 
SSC09023 -4 -8  -4 -8 
SSC09058 4 -4  4 -4 
SSC09063 12 -4  12 -4 
SSC09096 -4 -4  -4 -4 
SSC09104 4 -4  4 -4 
SSC09123 4 4  4 4 
SSC09144 8 -4  8 -4 
SSC09145 12 0  12 0 
SSC09149 12 4  12 4 
SSC09151 -4 -4  -4 -4 
SSC09169 12 4  12 4 
SSC09197 4 -4  4 -4 
SSC09198 12 16  12 16 
SSC09202 0 12  -4 12 
SSC09210 4 8  4 8 
SSC09213 4 4  4 4 
SSC09246 4 4  4 4 
SSC09257 4 4  4 4 
SSC09259 16 4  16 4 
SSC09266 -4 4  -4 4 
SSC09288 4 -4  4 -4 
SSC09301 4 12  4 16 
SSC09304 4 -4  4 -4 
SSC09330 12 4  12 4 
SSC09338 4 -4  4 -4 
SSC09350 -4 -4  -4 -4 
SSC09356 16 4  16 4 
SSC09408 4 -4  4 -4 
SSC09409 4 4  4 4 
SSC09410 4 4  4 4 
SSC09416 12 4  12 4 
SSC09418 -4 16  -4 4 
SSC09421 -4 4  4 4 
SSC09493 4 4  4 4 
SSC09494 -4 -4  -4 -4 
SSC09500 -4 4  -4 4 
SSC09501 0 -4  0 -4 
SSC09510 -4 4  -4 4 
SSC09512 4 4  4 4 
SSC09547 -4 4  -4 4 
SSC09548 12 0  16 0 
SSC09573 -4 4  -4 4 
SSC09583 4 -4  4 -4 
SSC09604 0 4  0 4 
SSC09627 4 -4  4 -4 
SSC09628 4 -4  8 -4 
SSC09632 4 4  4 4 
SSC09643 -4 4  -4 4 
SSC09656 -4 4  -4 4 
SSC09663 -4 12  -4 12 
SSC09682 0 4  0 4 
SSC09684 -4 4  -4 4 
SSC09686 4 -4  4 -4 
SSC09787 4 -4  4 -4 
SSC09790 4 4  4 4 
SSC09791 4 12  4 12 
SSC09797 -4 -4  -4 -4 
SSC09799 4 0  4 -4 
SSC09847 -4 8  -4 4 
SSC09849 4 4  4 4 
SSC09878 4 12  4 12 
SSC09879 -4 4  -4 4 
SSC09882 -4 -4  -4 -4 
SSC09884 12 8  12 12 
SSC09887 4 -4  4 -4 
SSC09909 -4 4  -4 4 
SSC09915 -4 8  -4 4 
SSC10004 4 4  4 4 
SSC10005 16 4  12 4 
SSC10006 4 4  4 4 
SSC10008 -4 4  -4 4 
SSC10009 4 12  4 12 
SSC10011 12 -4  12 -4 
SSC10021 4 4  4 4 
SSC10023 8 -4  8 -4 
SSC10027 -4 -4  -4 -4 
SSC10033 4 4  4 4 
SSC10092 4 4  4 4 
SSC10112 4 12  4 16 
SSC10117 12 12  12 8 
SSC10173 -4 4  -4 4 
SSC10176 4 12  4 12 
SSC10184 4 4  4 4 
SSC10187 -4 4  -4 4 
SSC10201 -4 4  -4 4 
SSC10215 4 4  4 4 
SSC10221 12 4  12 4 
SSC10238 4 12  4 12 
SSC10241 4 4  4 4 
SSC10274 -4 4  -4 4 
SSC10275 -4 4  -4 4 
SSC10278 -4 12  -4 12 
SSC10280 4 4  4 4 
SSC10301 -4 -4  -4 -4 
SSC10317 4 12  4 4 
SSC10366 4 4  4 4 
SSC10369 -4 4  -4 4 
SSC10372 4 -4  4 -4 
SSC10383 -4 4  -4 4 
SSC10394 16 12  16 20 
SSC10397 16 4  12 4 
SSC10404 4 -4  4 -4 
SSC10410 -4 16  12 16 
SSC10419 12 -4  12 -4 
SSC10423 12 -4  12 -4 
SSC10467 -4 -4  -4 -4 
SSC10472 4 12  4 12 
SSC10497 -4 12  -4 12 
SSC10499 4 8  4 4 
SSC10523 -4 -4  -4 -4 
SSC10526 12 -4  12 -4 
SSC10554 -4 0  -4 0 
SSC10561 -4 -4  -4 -4 
SSC10572 4 4  4 4 
SSC10585 -4 12  -4 12 
SSC10586 -4 8  -4 8 
SSC10590 -4 8  -4 8 
SSC10591 12 4  12 4 
SSC10592 4 -4  4 -4 
SSC10594 12 16  12 16 
SSC10604 -4 4  -4 4 
SSC10609 4 -4  4 -4 
SSC10625 4 4  4 4 
SSC10626 4 4  4 4 
SSC10627 4 4  4 4 
SSC10628 12 4  12 4 
SSC10630 4 0  4 0 
SSC10632 4 4  4 4 
SSC10712 -4 -4  -4 -4 
SSC10717 4 4  4 4 
SSC10723 4 4  4 4 
SSC10724 -4 12  -4 12 
SSC10734 -4 4  -4 4 
SSC10735 -4 0  -4 0 
SSC10737 4 4  4 4 
SSC10741 -4 4  -4 4 
SSC10745 -4 4  -4 4 
SSC10751 12 4  12 4 
SSC10753 4 -4  4 -4 
SSC10768 -4 4  -4 4 
SSC10782 4 -4  4 -4 
SSC10783 -4 -4  -4 -4 
SSC10804 12 4  12 4 
SSC10806 4 4  4 4 
SSC10815 12 4  12 4 
SSC10819 4 8  4 4 
SSC10843 4 0  4 0 
SSC10859 0 -4  0 -4 
SSC10867 -4 12  -4 12 
SSC10871 4 4  4 4 
SSC10919 4 -4  4 -4 
SSC10921 4 4  4 4 
SSC10961 4 12  4 12 
SSC10973 4 12  4 4 
SSC10976 -4 4  -4 4 
SSC10987 4 -4  4 -4 
SSC10990 12 4  12 4 
SSC11002 -4 4  -4 4 
SSC11004 4 4  4 4 
SSC11036 4 4  4 4 
SSC11165 -4 4  -4 4 
SSC11178 -4 -4  -4 -4 
SSC11187 12 12  12 12 
SSC11189 4 0  4 0 
SSC11190 -8 12  -8 12 
SSC11196 4 4  4 4 
SSC11206 4 8  4 8 
SSC11213 4 0  4 0 
SSC11255 4 -4  4 -4 
SSC11258 4 -4  4 -4 
SSC11275 4 -4  4 -4 
SSC11277 -4 16  -4 16 
SSC11290 12 4  12 4 
SSC11295 4 -4  4 -4 
SSC11303 4 4  4 4 
SSC11336 -4 12  -4 12 
SSC11342 4 12  4 12 
SSC11344 4 4  4 4 
SSC11365 4 4  4 4 
SSC11367 4 -4  4 -4 
SSC11375 -8 -4  -8 -4 
SSC11377 0 4  -4 4 
SSC11381 -8 -8  -8 -8 
SSC11385 4 -4  4 -4 
SSC11396 -4 -4  -4 -4 
SSC11398 -4 -4  -4 -4 
SSC11400 4 -4  4 -4 
SSC11407 -8 4  4 4 
SSC11453 4 -4  4 -4 
SSC11461 4 4  4 4 
SSC11504 -4 12  -4 12 
SSC11507 -4 -4  -4 -4 
SSC11513 -4 4  -4 4 
SSC11517 4 8  4 4 
SSC11534 12 20  16 12 
SSC11542 -4 4  -4 4 
SSC11577 0 12  0 12 
SSC11587 -4 -4  -4 -4 
SSC11603 12 4  12 4 
SSC11604 4 -4  4 -4 
SSC11609 -4 -4  -4 -4 
SSC11613 4 -4  4 -4 
SSC11621 4 -4  4 -4 
SSC11625 0 4  4 4 
SSC11634 4 -4  4 -4 
SSC11644 4 -4  4 -4 
SSC11647 4 -4  4 -4 
SSC11649 -4 12  -4 16 
SSC11655 -4 12  -4 12 
SSC11667 12 0  12 0 
SSC11733 -4 4  -4 4 
SSC11738 4 -4  4 -4 
SSC11754 4 4  4 4 
SSC11755 12 16  12 12 
SSC11813 4 -4  4 -4 
SSC11818 4 -4  4 -4 
SSC11822 4 4  4 4 
SSC11836 4 4  4 4 
SSC11847 4 4  4 4 
SSC11854 16 4  16 4 
SSC11856 4 -4  4 0 
SSC11862 -8 4  -8 4 
SSC11866 -4 4  -4 4 
SSC11875 -4 4  -4 4 
SSC11877 -4 0  -4 0 
SSC11882 -4 12  -4 16 
SSC11886 4 -4  4 -4 
SSC11896 4 4  4 4 
SSC11899 -4 -4  -4 -4 
SSC11931 4 -4  4 -4 
SSC11955 -1 4  -1 4 
SSC11958 4 4  4 4 
SSC11967 12 12  12 12 
SSC11968 4 4  4 4 
SSC11971 -4 4  -4 4 
SSC11974 -4 4  -4 4 
SSC11976 4 -4  4 -4 
SSC11985 4 4  4 4 
SSC12000 -4 -4  -4 -4 
SSC12020 -4 12  -4 12 
SSC12025 -4 16  -4 16 
SSC12040 8 -4  8 -4 
SSC12042 0 0  0 0 
SSC12047 -4 4  -4 4 
SSC12051 0 4  0 4 
SSC12054 -4 0  -4 0 
SSC12082 12 4  12 4 
SSC12085 12 4  12 4 
SSC12099 4 -4  4 -4 
SSC12133 4 4  4 4 
SSC12134 4 -4  4 -4 
SSC12135 -4 4  -4 4 
SSC12136 4 4  4 4 
SSC12138 -4 -4  -4 -4 
SSC12140 -4 4  -4 4 
SSC12160 -4 4  -4 4 
SSC12166 4 16  4 12 
SSC12176 12 4  12 4 
SSC12181 -4 -4  0 -4 
SSC12182 4 4  4 4 
SSC12195 12 -4  12 -4 
SSC12196 -4 4  -4 4 
SSC12198 -4 4  -4 4 
SSC12201 -4 4  -4 4 
SSC12255 -4 12  -4 12 
SSC12256 4 4  4 4 
SSC12257 -4 4  -4 4 
SSC12259 4 -4  4 -4 
SSC12262 4 4  4 4 
SSC12266 -4 -4  -4 -4 
SSC12281 16 4  12 4 
SSC12315 0 4  0 4 
SSC12324 12 -4  12 -4 
SSC12350 4 -4  4 -4 
SSC12355 4 4  4 4 
SSC12367 4 -4  4 -4 
SSC12401 -4 -4  -4 -4 
SSC12405 12 4  12 4 
SSC12455 -4 4  -4 4 
SSC12464 4 4  4 4 
SSC12509 4 4  4 4 
SSC12514 -4 4  -4 4 
SSC12542 4 4  4 4 
SSC12543 -4 12  -4 16 
SSC12551 -4 -4  -4 -4 
SSC12566 4 4  4 4 
SSC12574 4 4  12 4 
SSC12584 4 -4  4 -4 
SSC12588 -4 4  -4 4 
SSC12591 4 -4  4 -4 
SSC12594 4 -4  4 -4 
SSC12596 -4 -4  -4 -4 
SSC12604 4 -4  4 -4 
SSC12608 4 12  4 12 
SSC12611 -4 8  -4 8 
SSC12633 4 -4  4 -4 
SSC12635 -4 -4  -4 -4 
SSC12685 -4 -4  -4 -4 
SSC12710 -4 12  -4 4 
SSC12731 0 4  0 4 
SSC12736 4 4  4 4 
SSC12739 0 12  0 12 
SSC12749 -4 -4  -4 -4 
SSC12753 4 12  4 12 
SSC12768 4 4  4 4 
SSC12783 4 -4  4 -4 
SSC12785 4 4  4 4 
SSC12787 4 -4  4 -4 
SSC12790 -4 -4  -4 -4 
SSC12796 0 4  -4 4 
SSC12829 4 4  4 4 
SSC12843 -4 4  -4 4 
SSC12844 4 -4  4 -4 
SSC12863 4 4  4 4 
SSC12867 4 -4  4 -4 
SSC12871 -4 -4  -4 -4 
SSC12896 -4 4  -4 4 
SSC12900 12 -4  12 -4 
SSC12926 0 4  0 4 
SSC12928 4 4  4 4 
SSC12932 4 -4  4 -4 
SSC12960 -4 -4  -4 -4 
SSC12961 -4 4  -4 4 
SSC12966 -4 12  -4 12 
