DM1 -36 3 -36 3
DM1 -21 -18 -21 -18
DM1 -9 -12 -12 3
DM1 -24 -21 -21 -21
DM1 -27 -24 -18 -24
DM1 -45 -45 -45 -45
DM1 -21 -45 -21 -45
DM1 -9 -45 -12 -45
DM1 -45 27 -45 -15
DM1 -45 -45 -45 -45
DM1 -45 -24 -45 -24
DM1 -27 -45 -27 -45
DM1 -45 -24 -45 -24
DM1 -27 -45 -27 -45
DM1 -45 -27 -45 -27
DM1 -27 -45 -27 -45
DM1 -45 -18 -45 -18
DM1 -21 -21 -21 -21
DM1 -45 -45 -45 -45
DM1 -24 -45 -24 -45
DM1 -18 -24 -21 -24
DM1 -24 -21 -24 -21
DM1 -45 6 -45 3
DM1 -21 -21 -21 -21
DM1 18 -18 3 -21
DM1 -21 -21 -21 -21
DM1 -45 -45 -45 -45
DM1 -21 -45 -21 -45
DM1 -18 -45 -18 -45
DM1 -24 -45 -24 -45
DM1 -24 -45 -24 -45
DM1 -27 -21 -27 -21
DM1 -45 -24 -45 -24
DM1 -45 -21 -45 -21
DM1 -45 -45 -45 -45
DM1 15 -21 0 -21
DM1 -45 -45 -45 -45
DM1 -45 -21 -45 -21
DM1 -21 -21 -21 -21
DM1 -45 -21 -45 -21
DM1 -21 -15 -21 -18
DM1 -45 -9 -45 -12
DM1 -27 -24 -27 -12
DM1 -18 -18 -21 -18
DM1 24 -21 -18 -21
DM1 -45 0 -45 0
DM1 -24 -45 -24 -45
DM1 -21 -24 -21 -24
DM1 -45 -30 -45 -12
DM1 -45 21 -45 15
DM1 -45 -24 -45 -24
DM1 -24 -12 -24 -12
DM1 -45 -45 -45 -45
DM1 -21 -21 -21 -21
DM1 -45 45 -45 18
DM1 -45 -45 -45 -45
DM1 -45 -45 -45 -45
DM1 -21 -45 -21 -45
DM1 -45 -45 -45 -45
DM1 -45 3 -45 3
DM1 -24 -24 -24 -24
DM1 -21 -21 -21 -21
DM1 -21 -21 -21 -21
DM1 -18 -12 3 -18
DM1 -21 -21 -21 -21
DM1 -45 -21 -45 -21
DM1 -24 -21 -24 -21
DM1 -45 -24 -45 -24
DM1 -24 -18 -24 -18
DM1 -45 -45 -45 -45
DM1 -24 -21 -24 -21
DM1 -45 -12 -45 -12
DM1 -21 -45 -21 -45
DM1 -21 -27 -21 -27
DM1 -45 -45 -45 -45
DM1 -27 -27 -27 -27
DM1 -30 -45 -30 -45
DM1 -24 -27 -24 -27
DM1 -45 0 -45 3
DM1 -45 -15 -45 -15
DM1 -21 -24 -21 -24
DM1 -18 -45 -18 -45
DM1 -27 -45 -27 -45
DM1 -21 -45 -21 -45
DM1 -27 -24 -27 -24
DM1 -12 -45 -12 -45
DM1 -21 -18 -21 -18
DM1 -24 -45 -24 -45
DM1 -24 -45 -24 -45
DM1 -24 -21 -21 -18
DM1 -27 -45 -18 -45
DM1 -45 9 -45 3
DM1 -45 -45 -45 -45
DM1 -45 -30 -45 -30
DM1 -24 -45 -24 -45
DM1 -45 -45 -45 -45
DM1 -45 -45 -45 -45
DM1 -45 -27 -45 -27
DM1 -45 -18 -45 -18
DM1 -27 -45 -27 -45
DM1 -21 -45 -21 -45
DM1 -21 15 -21 -18
DM1 -45 3 -45 -3
DM1 -45 -27 -45 -27
DM1 -45 -27 -45 -27
DM1 0 -45 0 -45
DM1 -21 -27 -21 -27
DM1 -27 -24 -24 -24
DM1 -27 -18 -27 -18
DM1 -27 -24 -27 -24
DM1 -24 -45 -24 -45
DM1 -21 -21 -21 -21
DM1 -21 -27 -21 -27
DM1 -45 -24 -45 -24
DM1 -45 -45 -45 -45
DM1 -24 -27 -24 -27
DM1 -24 -45 -24 -45
DM1 -21 -21 -21 -21
DM1 -27 9 -27 0
DM1 -12 -45 -21 -45
DM1 -45 -24 -45 -24
DM1 -45 -21 -45 -21
DM1 -21 -15 -21 -15
DM1 -24 -21 -24 -21
DM1 6 -27 3 -27
DM1 -21 -21 -21 -21
DM1 -27 -27 -27 -27
DM1 -24 -24 -24 -24
DM1 9 -21 3 -21
DM1 -21 -21 -21 -21
DM1 -45 -21 -45 -21
DM1 -45 -45 -45 -45
DM1 -27 -18 -27 -21
DM1 -45 -18 -45 -18
DM1 -45 -24 -45 -24
DM1 -24 -18 -24 -18
DM1 -45 -45 -45 -45
DM1 -45 -45 -45 -45
DM1 -24 -27 -24 -27
DM1 -39 -21 -27 -21
DM1 -27 -45 -27 -45
DM1 -45 -21 -45 -21
DM1 6 -30 -3 -30
DM1 -45 -45 -45 -45
DM1 -18 9 -18 -18
DM1 -27 -27 -27 -27
DM1 -27 -45 -27 -45
DM1 -21 -24 -21 -24
DM1 -45 27 -45 -18
DM1 -12 -45 -12 -45
DM1 -45 -30 -45 -30
DM1 -45 -45 -45 -45
DM1 -24 -27 -24 -27
DM1 -24 0 -24 9
DM1 -36 -45 -36 -45
DM1 -45 -15 -45 0
DM1 -21 -21 -21 -21
DM1 -21 -21 -21 -21
DM1 -21 6 -21 3
DM1 -21 -45 -21 -45
DM1 -45 -45 -45 -45
DM1 -24 -24 -24 -24
DM1 0 -27 9 -27
DM1 -45 -45 -45 -45
DM1 -15 -45 -18 -45
DM1 18 -45 18 -45
DM1 -33 -21 -21 -21
DM1 -24 -45 -24 -45
DM1 -21 -21 -21 -21
DM1 -24 -45 -24 -45
DM1 -30 -45 -30 -45
DM1 -21 3 -21 3
DM1 -45 -45 -45 -45
DM1 -30 -12 -30 -12
DM1 -9 -45 -18 -45
DM1 -45 -18 -45 -18
DM1 3 -45 6 -45
DM1 -21 -45 -21 -45
DM1 -45 -21 -45 -21
DM1 -45 -24 -45 -24
DM1 -18 24 -18 -18
DM1 -24 -21 -24 -21
DM1 -45 -21 -45 -21
DM1 -27 -27 -27 -27
DM1 -18 -30 -18 0
DM1 -24 21 -24 -18
DM1 -45 -21 -45 -21
DM1 -21 -21 -21 -21
DM1 -27 -45 -27 -45
DM1 -24 -45 -24 -45
DM1 -45 -24 -45 -24
DM1 -24 -27 -24 -27
DM1 -45 -21 -45 -21
DM1 -45 -45 -45 -45
DM1 -24 -45 -24 -45
DM1 3 -45 6 -45
DM1 -21 -45 -21 -45
DM1 -27 -24 -27 -24
DM1 -3 -24 3 -24
DM1 -21 -45 -21 -45
DM1 -12 -27 -24 -27
DM1 -27 -21 -27 -21
DM1 -24 -21 -24 -21
DM1 -21 -45 -21 -45
DM1 -24 -27 -24 -27
DM1 -21 -27 -21 -27
DM1 -45 -24 -45 -33
DM1 0 -21 9 -21
DM1 -21 -27 -21 -27
DM1 -45 -21 -45 -21
DM1 -21 -27 -21 -27
DM1 -45 -24 -45 -24
DM1 -18 -36 -18 -36
DM1 -45 -45 -45 -45
DM1 -45 0 -45 0
DM1 -27 -18 -27 -18
DM1 -27 -21 -27 -18
DM1 -24 -45 -24 -45
DM1 -24 -21 -24 -21
DM1 -45 -27 -45 -27
DM1 -45 -27 -45 -27
DM1 -21 -27 -21 -27
DM1 -45 -21 -45 -21
DM1 -21 -21 -21 -21
DM1 -45 -45 -45 -45
DM1 -45 -12 -45 -12
DM1 -27 -27 -27 -27
DM1 -21 -45 -21 -45
DM1 -27 -45 -27 -45
DM1 -45 -21 -45 -21
DM1 -24 -45 -24 -45
DM1 -45 -21 -45 -21
DM1 -24 -45 -27 -45
DM1 -45 -27 -45 -27
DM1 -24 -24 -24 -24
DM1 -21 -21 -21 -21
DM1 -27 -45 -27 -45
DM1 -45 -18 -45 -18
DM1 -24 -21 -21 -21
DM1 -21 -27 -21 -27
DM1 -21 -45 -21 -45
DM1 -27 -45 -27 -45
DM1 -45 -18 -45 -21
DM1 -45 -21 -45 -21
DM1 -45 -27 -45 -27
DM1 -27 -24 -27 -24
DM1 -45 -45 -45 -45
DM1 -24 -12 -24 -12
DM1 -45 -24 -45 -24
DM1 -45 -21 -45 -21
DM1 -6 -15 -21 -15
DM1 3 -3 6 3
DM1 -21 -45 -21 -45
DM1 -24 -45 -24 -45
DM1 -21 -45 -21 -45
DM1 -27 -45 -27 -45
DM1 -24 -45 -24 -45
DM1 -18 -21 -18 -21
DM1 -18 -24 -18 -24
DM1 -21 -27 -21 -27
DM1 -45 -45 -45 -45
DM1 -21 -24 -21 -24
DM1 -21 -24 -21 -24
DM1 -45 -21 -45 -21
DM1 -24 -45 -24 -45
DM1 -21 -45 -21 -45
DM1 -45 -24 -45 -24
DM1 -24 -18 -24 -18
DM1 -24 -24 -24 -24
DM1 -21 -45 -21 -45
DM1 -27 -45 -27 -45
DM1 -24 -27 -24 -27
DM1 -45 -45 -45 -45
DM1 -27 -24 -27 -24
DM1 -24 -45 -24 -45
DM1 -36 -24 -36 -24
DM1 -21 3 -21 9
DM1 -27 -24 -27 -24
DM1 -45 -45 -45 -45
DM1 -24 -24 -27 -24
DM1 -24 -45 -24 -45
DM1 -18 -45 -36 -45
DM1 -45 -24 -45 -24
DM1 -45 -45 -45 -45
DM1 -45 -45 -45 -45
DM1 -24 -45 -24 -45
DM1 -45 3 -45 3
DM1 -21 -27 -21 -27
DM1 -27 -27 -27 -27
DM1 -27 -45 -27 -45
DM1 -27 -36 -27 -36
DM1 -45 -45 -45 -45
DM1 -45 -45 -45 -45
DM1 -45 -24 -45 -24
DM1 -45 -27 -45 -27
DM1 -24 -24 -24 -21
DM1 -27 -21 -27 -21
DM1 -21 -21 -21 -21
DM1 -27 -24 -27 -24
DM1 -45 3 -45 3
DM1 -21 -24 -21 -24
DM1 -21 -45 -21 -45
DM1 -45 -21 -45 -21
DM1 -21 -45 -21 -45
DM1 9 -24 3 -24
DM1 12 -45 3 -45
DM1 -12 -45 -24 -45
DM1 -24 -24 -24 -24
DM1 -24 -21 -24 -21
DM1 -21 -24 -21 -24
DM1 -18 -27 -18 -27
DM1 -24 -45 -24 -45
DM1 -45 -45 -45 -45
DM1 -21 -21 -21 -21
DM1 -45 -45 -45 -45
DM1 -21 -45 -21 -45
DM1 -21 -27 -21 -27
DM1 -21 3 -21 3
DM1 -18 24 -18 6
DM1 -24 -30 -24 -30
DM1 -15 -21 -15 -18
DM1 -21 -18 -24 -18
DM1 -21 -45 -21 -45
DM1 -45 -27 -45 -27
DM1 -45 -27 -45 -27
DM1 -45 -45 -45 -45
DM1 -45 -15 -45 -15
DM1 -45 -45 -45 -45
DM1 -21 -45 -21 -45
DM1 -45 -45 -45 -45
DM1 -21 -24 -21 -24
DM1 -45 -45 -45 -45
DM1 -21 -24 -21 -24
DM1 -24 -36 -36 -24
DM1 3 -24 9 -24
DM1 3 -45 3 -45
DM1 3 -45 -30 -45
DM1 -24 -45 -24 -45
DM1 -24 -45 -24 -45
DM1 -27 -18 -27 -21
DM1 -18 -45 -18 -45
DM1 -45 -45 -45 -45
DM1 -24 -45 -24 -45
DM1 -21 -21 -21 -21
DM1 3 -27 0 -27
DM1 -27 -45 -27 -45
DM1 -18 -24 -18 -27
DM1 -45 -21 -45 -21
DM1 -18 -45 -18 -45
DM1 -45 -18 -45 -18
DM1 -45 15 -45 -18
DM1 -45 -27 -45 -27
DM1 -45 -21 -45 -21
DM1 -24 -21 -24 -21
DM1 0 -45 0 -45
DM1 -45 3 -45 3
DM1 0 -45 0 -45
DM1 -45 -45 -45 -45
DM1 -45 9 -45 0
DM1 -21 -18 -21 -18
DM1 -24 -24 -24 -24
DM1 -24 -21 -24 -21
DM1 -27 9 -27 0
DM1 -21 -45 -24 -45
DM1 -18 -30 -18 -30
DM1 -21 -45 -21 -45
DM1 -45 -24 -45 -21
DM1 0 -21 0 -21
DM1 -24 -45 -24 -45
DM1 -45 -27 -45 -27
DM1 -45 -21 -45 -21
DM1 -21 -18 -21 -21
DM1 -27 15 -27 15
DM1 0 -45 9 -45
DM1 -45 -21 -45 -21
DM1 -24 -21 -24 -21
DM1 -21 6 -21 0
DM1 -21 -24 -24 -24
DM1 -45 -45 -45 -45
DM1 -21 -15 -18 -21
DM1 -45 -24 -45 -21
DM1 -45 0 -45 3
DM1 -45 -27 -45 -27
DM1 -21 -45 -21 -45
DM1 -45 -45 -45 -45
DM1 -21 -9 -21 -18
DM1 -18 15 -18 3
DM1 -45 -27 -45 -27
DM1 -21 -12 -21 -9
DM1 -27 -27 -27 -27
DM1 -18 -45 -18 -45
DM1 -45 -27 -45 -27
DM1 -21 -24 -21 -24
DM1 -27 -45 -27 -45
DM1 33 -45 9 -45
DM1 -30 6 -30 9
DM1 -21 -21 -21 -21
DM1 -24 -21 -24 -21
DM1 -21 -27 -21 -27
DM1 -45 -27 -45 -27
DM1 -45 -21 -45 -21
DM1 -18 -45 -18 -45
DM1 -45 -21 -45 -21
DM1 -24 -9 -24 -24
DM1 -45 -45 -45 -45
DM1 -21 -24 -24 -24
DM1 -45 3 -45 3
DM1 -45 -21 -45 -24
DM1 -24 9 -24 3
DM1 -45 -24 -45 -24
DM1 -27 -21 -18 -21
DM1 -45 -45 -45 -45
DM1 -21 -21 -21 -21
DM1 -21 -27 -21 -27
DM1 -21 -45 -21 -45
DM1 3 -21 6 -21
DM1 -45 -45 -45 -45
DM1 -21 6 -18 3
DM1 -36 -27 -24 -27
DM1 -21 -21 -21 -21
DM1 -24 -18 -24 -18
DM1 -45 -21 -45 -21
DM1 -21 -39 -21 -21
DM1 -45 -21 -45 -21
DM1 -21 -45 -21 -45
DM1 -24 -21 -24 -21
DM1 -21 -45 -21 -45
DM1 -45 3 -45 3
DM1 -24 -27 -24 -27
DM1 -24 -24 -24 -24
DM1 -30 -18 -30 -18
DM1 -27 -21 -27 -21
DM1 -24 -45 -24 -45
DM1 -27 -33 -27 -21
DM1 -45 -45 -45 -45
DM1 -45 -18 -45 -18
DM1 -21 -45 -21 -45
DM1 -21 -45 -21 -45
DM1 -21 -45 -21 -45
DM1 -9 -27 -12 -27
DM1 -45 -27 -45 -27
DM1 -15 -24 -12 -24
DM1 -21 -21 -21 -21
DM1 -45 9 -45 6
DM1 6 -27 3 -27
DM1 -24 -21 -45 -21
DM1 -21 -45 -21 -45
DM1 -27 -21 -27 -21
DM1 -27 -27 -27 -27
DM1 -21 -27 -21 -27
DM1 -27 -21 -27 -21
DM1 -45 -27 -45 -27
DM1 -21 -27 -21 -27
DM1 3 -21 0 -21
DM1 -27 -24 -27 -24
DM1 -45 -24 -45 -24
DM1 -45 -45 -45 -45
DM1 -27 -21 -27 -21
DM1 -45 -24 -45 -24
DM1 -21 -33 -21 -24
DM1 0 -45 3 -45
DM1 -27 -45 -27 -45
DM1 -27 -45 -27 -45
DM1 -21 -27 -21 -27
DM1 -36 -24 -24 -24
DM1 -21 -45 -21 -45
DM1 -21 -21 -21 -21
DM1 -15 -24 -12 -24
DM1 -27 -21 -27 -21
DM1 -27 -45 -27 -45
DM1 -21 -24 -21 -24
DM1 -45 -21 -45 -21
DM1 -45 -45 -45 -45
DM1 -21 -45 -21 -45
DM1 -24 -45 -24 -45
DM1 -27 6 0 -18
DM1 -24 -24 -24 -24
DM1 -45 -27 -45 -27
DM1 27 -45 -18 -45
DM1 -27 -21 -27 -21
DM1 -21 -45 -21 -45
DM1 -45 -21 -45 -21
DM1 -24 -45 -24 -45
DM1 -21 -45 -21 -45
DM1 -45 6 -45 3
DM1 -18 -18 -18 -18
DM1 -45 -45 -45 -45
DM1 -45 -21 -45 -21
DM1 -21 -24 -21 -24
DM1 -18 -45 -18 -45
DM1 -45 -45 -45 -45
DM1 -18 24 -21 -3
DM1 -21 -45 -21 -45
DM1 -45 -21 -45 -21
DM1 -21 -33 -21 -18
DM1 -24 -21 -24 -21
DM1 -21 -45 -21 -45
DM1 -27 -21 -27 -24
DM1 -21 -21 -21 -21
DM1 -27 -45 -27 -45
DM1 -24 -27 -24 -27
DM1 -30 -27 -30 -27
DM1 -45 -45 -45 -45
DM1 -27 -45 -27 -45
DM1 -21 -24 -21 -24
DM1 -21 -24 -21 -24
DM1 -21 0 -21 0
DM1 -21 -45 -21 -45
DM1 -45 -24 -45 -24
DM1 -45 -18 -45 -18
DM1 -45 -24 -45 -24
DM1 -45 -21 -45 -21
DM1 -24 -24 -24 -21
DM1 -45 -18 -45 -36
DM1 -45 -27 -45 -27
DM1 -45 -45 -45 -45
DM1 -21 -45 -21 -45
DM1 -24 -45 -36 -45
DM1 -45 -24 -45 -24
DM1 -21 -27 -24 -27
DM1 -12 -21 -15 -21
DM1 -45 -45 -45 -45
DM1 -27 -27 -27 -27
DM1 -45 -24 -45 -24
DM1 -21 -45 -21 -45
DM1 -45 -24 -45 -24
DM1 -24 -45 -24 -45
DM1 -27 -45 -27 -45
DM1 24 -24 6 -24
DM1 -21 -21 -21 -21
DM1 -45 -21 -45 -21
DM1 -45 -45 -45 -45
DM1 -24 -24 -24 -24
DM1 -21 -24 -27 -24
DM1 -45 -45 -45 -45
DM1 -21 -24 -21 -24
DM1 -9 -24 0 -21
DM1 -45 -27 -45 -27
DM1 -24 -27 -24 -27
DM1 -21 -18 -24 -18
DM1 -45 -21 -45 -21
DM1 -45 -45 -45 -45
DM1 0 3 3 -18
DM1 -45 -45 -45 -45
DM1 -45 -24 -45 -24
DM1 -21 -45 -21 -45
DM1 -30 18 -30 -18
DM1 -45 -45 -45 -45
DM1 -21 -24 -21 -24
DM1 -21 -27 -21 -27
DM1 -27 -12 -27 -12
DM1 -39 -45 -27 -45
DM1 -45 -21 -45 -21
DM1 -45 -27 -45 -27
DM1 -24 -45 -24 -45
DM1 -18 -45 -18 -45
DM1 -24 -15 -24 -15
DM1 -27 -27 -27 -27
DM1 -15 -45 -15 -45
DM1 -21 -30 -21 -30
DM1 -24 -45 -24 -45
DM1 -45 -27 -45 -27
DM1 0 -45 3 -45
DM1 -45 -27 -45 -27
DM1 -45 -45 -45 -45
DM1 18 -18 -18 -18
DM1 -27 -24 -27 -24
DM1 -45 -45 -45 -45
DM1 6 -24 0 -24
DM1 -45 -21 -45 -21
DM1 -21 -21 -21 -21
DM1 -24 -27 -24 -27
DM1 -45 -45 -45 -45
DM1 -21 -45 -21 -45
DM1 -45 -21 -45 -21
DM1 -45 21 -45 -18
DM1 -24 24 -24 3
DM1 -27 -12 -12 -18
DM1 -21 -21 -21 -21
DM1 9 -24 0 -24
DM1 -27 -24 -27 -21
DM1 -27 -45 -27 -45
DM1 -24 6 -24 0
DM1 -24 -18 -24 -18
DM1 -18 -27 -18 -27
DM1 3 -24 -18 -24
DM1 -27 -21 -27 -21
DM1 -24 -45 -24 -45
DM1 -18 -45 -18 -45
DM1 3 -27 3 -27
DM1 -24 -45 -24 -45
DM1 -45 -45 -45 -45
DM1 -21 -24 -21 -24
DM1 -27 -45 -27 -45
DM1 -24 -45 -15 -45
DM1 -27 -45 -27 -45
DM1 -21 -24 -21 -24
DM1 -21 -21 -21 -21
DM1 -27 3 -27 3
DM1 -24 -45 -24 -45
DM1 -18 12 -18 6
DM1 -24 -27 -24 -27
DM1 21 -27 6 -21
DM1 9 -21 6 -21
DM1 6 -45 -3 -45
DM1 -45 -45 -45 -45
DM1 -45 -45 -45 -45
DM1 -45 -27 -45 -27
DM1 -45 -18 -45 -21
DM1 -24 -45 -24 -45
DM1 -21 -21 -21 -21
DM1 -27 -45 -27 -45
DM1 -45 -45 -45 -45
DM1 -45 6 -45 0
DM1 -45 -18 -45 -18
DM1 -27 -45 -27 -45
DM1 -21 -45 -21 -45
DM1 3 -45 3 -45
DM1 -21 -45 -21 -45
DM1 -18 -45 -18 -45
DM1 12 -24 3 -24
DM1 -21 -45 -21 -45
DM1 -27 -27 -27 -18
DM1 -27 -45 -27 -45
DM1 -21 -24 -21 -24
DM1 -24 -45 -24 -45
DM1 -21 -27 -21 -27
DM1 -45 0 -45 -18
DM1 -45 -18 -45 -18
DM1 -21 -45 -21 -45
DM1 27 -18 -24 -18
DM1 -45 -45 -45 -45
DM1 -45 -24 -45 -21
DM1 -27 -24 -27 -24
DM1 -24 -21 -24 -21
DM1 -9 -45 -21 -45
DM1 -21 -27 -21 -27
DM1 -45 -21 -45 -21
DM1 -45 -45 -45 -45
DM1 -24 -27 -24 -27
DM1 -45 -21 -45 -21
DM1 -27 -45 -27 -45
DM1 -27 -27 -27 -27
DM1 12 -21 -18 -21
DM1 -24 6 -24 24
DM1 -27 18 -27 -3
DM1 -24 -24 -24 -24
DM1 -27 -21 -27 -21
DM1 -45 -45 -45 -45
DM1 -24 -24 -24 -24
DM1 -45 6 -45 -18
DM1 -45 -18 -45 -18
DM1 -21 -45 -21 -45
DM1 -24 -21 -24 -21
DM1 -45 -45 -45 -45
DM1 6 -45 -3 -45
DM1 21 -45 3 -45
DM1 -18 -21 -18 -21
DM1 -21 -45 -21 -45
DM1 0 -15 -18 -18
DM1 15 -21 18 -21
DM1 -45 -45 -45 -45
DM1 -27 -24 -27 -24
DM1 -45 -24 -45 -24
DM1 -24 -24 -24 -24
DM1 -45 -45 -45 -45
DM1 -27 -27 -24 -27
DM1 -18 -45 -18 -45
DM1 -45 -18 -45 -18
DM1 -45 6 -45 24
DM1 -27 -24 -27 -24
DM1 -21 -27 -21 -27
DM1 -24 -24 -24 -24
DM1 -21 -18 -21 -18
DM1 12 -27 -18 -27
DM1 -45 -45 -45 -45
DM1 3 -21 0 -45
DM1 -45 -45 -45 -45
DM1 -24 -45 -24 -45
DM1 -45 -21 -45 -21
DM1 -45 -18 -45 -18
DM1 -45 -18 -45 -21
DM1 -45 -45 -45 -45
DM1 -21 -24 -21 -24
DM1 -18 -45 -21 -45
DM1 -21 -45 -21 -45
DM1 -24 -3 -24 -24
DM1 -27 -27 -27 -27
DM1 -24 -27 -24 -27
DM1 0 -21 3 -21
DM1 -45 -45 -45 -45
DM1 -45 -21 -45 -21
DM1 -24 -45 -24 -45
DM1 -45 12 -45 -18
DM1 -21 -21 -21 -21
DM1 -24 -24 -24 -24
DM1 -27 -45 -27 -45
DM1 -45 -24 -45 -24
DM1 -24 -12 -24 -12
DM1 -18 -27 3 -27
DM1 3 -45 0 -45
DM1 0 -21 9 -24
DM1 -45 -45 -45 -45
DM1 -18 -27 -18 -27
DM1 -27 -12 -27 -12
DM1 -27 -45 -27 -45
DM1 -45 0 -45 9
DM1 -45 -21 -45 -21
DM1 -45 -45 -45 -45
DM1 -27 -21 -27 -21
DM1 -15 -45 -18 -45
DM1 -45 24 -45 -30
DM1 -21 -45 -21 -45
DM1 -27 -21 -27 -21
DM1 -45 -45 -45 -45
DM1 -45 -27 -45 -27
DM1 -24 -24 -24 -24
DM1 -21 -27 -21 -27
DM1 -24 -45 -24 -45
DM1 -24 -18 -24 -18
DM1 -45 -18 -45 -21
DM1 -27 -45 -27 -45
DM1 -18 -18 -18 -18
DM1 -27 -27 -27 -27
DM1 -15 -21 -15 -21
DM1 -45 -45 -45 -45
DM1 18 -27 18 -27
DM1 -21 -21 -21 -21
DM1 -45 -18 -45 -18
DM1 -24 -45 -24 -45
DM1 -45 -45 -45 -45
DM1 -24 -45 -24 -45
DM1 -45 6 -45 3
DM1 3 9 0 0
DM1 -24 21 -24 -3
DM1 -45 -45 -45 -45
DM1 -45 15 -45 18
DM1 -45 -27 -45 -27
DM1 -18 -45 -21 -45
DM1 -45 -45 -45 -45
DM1 -21 -24 -21 -27
DM1 -24 -21 -24 -21
DM1 30 -24 -18 -24
DM1 0 -45 0 -45
DM1 -27 -21 -27 -21
DM1 -3 -45 3 -45
DM1 -24 -45 -24 -45
DM1 -45 -24 -45 -24
DM1 24 9 6 3
DM1 -45 -45 -45 -45
DM1 -21 -27 -21 -27
DM1 -21 -21 -24 -24
DM1 -45 -45 -45 -45
DM1 -24 -27 -24 -27
DM1 0 -24 0 -24
DM1 -27 -12 -27 -15
DM1 -30 -21 -30 -21
DM1 -45 -21 -45 -21
DM1 27 -45 -18 -45
DM1 -18 -21 -18 -21
DM1 -21 -45 -21 -45
DM1 3 -21 3 -21
DM1 -45 -27 -45 -27
DM1 -45 -45 -45 -45
DM1 -18 -27 -12 -18
DM1 -45 -24 -45 -24
DM1 -45 -18 -45 -18
DM1 15 -21 15 -21
DM1 -45 -45 -45 -45
DM1 -24 -45 -24 -45
DM1 -27 9 -27 6
DM1 -45 12 -45 18
DM1 -21 -21 -21 -21
DM1 -45 -45 -45 -45
DM1 -21 27 -21 -18
DM1 -45 -21 -45 -21
DM1 -21 -27 -21 -27
DM1 -24 -24 27 -24
DM1 -27 -45 -27 -45
DM1 -45 -30 -45 -30
DM1 -27 -45 -27 -45
DM1 -24 -21 -24 -21
DM1 -27 -21 -27 -21
DM1 -18 -45 -36 -45
DM1 -21 -18 -18 -21
DM1 -45 -36 -45 -36
DM1 -45 -45 -45 -45
DM1 -45 -24 -45 -21
DM1 -45 9 -45 3
DM1 -45 -24 -45 -24
DM1 -27 6 -27 0
DM1 -45 -45 -45 -45
DM1 -21 -21 -21 -21
DM1 -27 -45 -27 -45
DM1 3 -27 3 -27
DM1 -45 -45 -45 -45
DM1 -45 -24 -45 -24
DM1 -45 9 -45 -18
DM1 -45 -24 -45 -24
DM1 -27 -21 -27 -21
DM1 -24 -24 -24 -24
DM1 -45 -27 -45 -27
DM1 -45 -45 -45 -45
DM1 -45 -36 -45 -36
DM1 -27 -45 -27 -45
DM1 -21 -45 -21 -45
DM1 6 -45 3 -45
DM1 -45 -21 -45 -21
DM1 -45 -27 -45 -27
DM1 -45 3 -45 0
DM1 -45 -15 -45 -18
DM1 0 -45 0 -45
DM1 -27 -24 -27 -24
DM1 -21 6 -21 3
DM1 3 -18 3 -21
DM1 -27 -27 -27 -27
DM1 -45 -3 -45 -21
DM1 -45 3 -45 0
DM1 -24 9 -24 0
DM1 -21 -45 -21 -45
DM1 -45 -24 -45 -24
DM1 -18 -27 -18 -27
DM1 -21 -27 -21 -27
DM1 -24 -45 -24 -45
DM1 -21 -21 -21 -21
DM1 -45 -45 -45 -45
DM1 24 -3 -3 -18
DM1 -30 -45 -30 -45
DM1 -45 -45 -45 -45
DM1 -45 -45 -45 -45
DM1 -45 -21 -45 -21
DM1 -36 -45 -36 -45
DM1 -45 -27 -45 -27
DM1 -45 -30 -45 -30
DM1 -21 -18 -18 -21
DM1 -18 -21 -18 -21
DM1 -18 -18 -18 -18
DM1 -45 -27 -45 -27
DM1 12 9 0 3
DM1 -45 -3 -45 3
DM1 3 -45 -3 -45
DM1 -45 -21 -45 -21
DM1 -45 -12 -45 -12
DM1 -45 -45 -45 -45
DM1 -27 18 -27 -18
DM1 -45 -24 -45 -24
DM1 -45 -27 -45 -27
DM1 -21 -18 -36 -18
DM1 -45 -24 -45 -24
DM1 -27 -30 -27 -30
DM1 -21 -27 -21 -27
DM1 -27 -27 -27 -27
DM1 -21 -45 -21 -45
DM1 -21 -24 -24 -21
DM1 -45 -21 -45 -21
DM1 -21 -42 -21 -21
DM1 -21 6 3 0
DM1 -27 -27 -27 -27
DM1 -45 -21 -45 -21
DM1 9 -27 0 -27
DM1 3 -18 3 -21
DM1 -21 -45 -21 -45
DM1 -27 -45 -27 -45
DM1 -45 -21 -45 -21
DM1 -45 -45 -45 -45
DM1 -45 -27 -45 -27
DM1 -45 -45 -45 -45
DM1 -45 -45 -45 -45
DM1 -45 -24 -45 -24
DM1 -45 -45 -45 -45
DM1 3 -21 0 -21
DM1 -30 -21 -30 -21
DM1 -27 -24 -27 -24
DM1 -21 -45 -36 -45
DM1 -27 -18 -27 -21
DM1 -27 -45 -27 -45
DM1 -27 -27 -27 -27
DM1 -21 15 -36 -3
DM1 -45 -21 -45 -21
DM1 -27 -24 -27 -24
DM1 -24 -21 -24 -21
DM1 -24 -24 -24 -27
DM1 15 -45 21 -45
DM1 -45 -24 -45 -24
DM1 -21 -45 -21 -45
DM1 -45 -21 -45 -21
DM1 -21 -24 -21 -24
DM1 -45 -21 -45 -21
DM1 -27 3 -27 0
DM1 -24 -21 -24 -21
DM1 -21 12 -21 6
DM1 -45 -45 -45 -45
DM1 -21 -21 -21 -21
DM1 -21 -45 -21 -45
DM1 -45 -21 -45 -21
DM1 -15 -27 -21 -27
DM1 -21 -24 -21 -24
DM1 -27 -45 -27 -45
DM1 -45 -21 -45 -21
DM1 -27 -45 -27 -45
DM1 -45 -24 -45 -24
DM1 -45 -45 -45 -45
DM1 -45 -21 -45 -21
DM1 -45 -15 -45 -18
DM1 -21 -21 -21 -24
DM1 -27 -27 -27 -27
DM1 -21 -21 -21 -21
DM1 -45 -18 -45 -18
DM1 -18 -24 -18 -24
DM1 -24 -18 -24 -18
DM1 3 -18 0 -18
DM1 -24 -45 -24 -45
DM1 -24 -45 -24 -45
DM1 -24 -21 -24 -21
DM1 -45 -21 -45 -21
DM1 -45 -45 -45 -45
DM1 -27 -27 -27 -27
DM1 -45 -45 -45 -45
DM1 -27 -45 -27 -45
DM1 -45 -21 -45 -21
DM1 -21 -45 -21 -45
DM1 -27 -45 -27 -45
DM1 21 -45 6 -45
DM1 -45 -21 -45 -21
DM1 -18 -21 -21 -21
DM1 -21 -18 -21 -18
DM1 -45 -45 -45 -45
DM1 -18 -45 -18 -45
DM1 -18 -45 -36 -45
DM1 -18 -18 -36 -18
DM1 -24 -45 -24 -45
DM1 -45 -45 -45 -45
DM1 3 -27 0 -27
DM1 -21 -45 -21 -45
DM1 -21 18 -21 18
DM1 -27 -21 -27 -21
DM1 -45 -45 -45 -45
DM1 -45 -18 -45 -18
DM1 -45 -24 -45 -24
DM1 -45 -45 -45 -45
DM1 -21 3 -21 3
DM1 -45 6 -45 9
DM1 -45 -45 -45 -45
DM1 -45 -45 -45 -45
DM1 -45 0 -45 -18
DM1 -24 -45 -24 -45
DM1 0 -21 3 -21
DM1 3 -45 3 -45
DM1 9 -24 -3 -24
DM1 -21 -21 -21 -21
DM1 -45 -45 -45 -45
DM1 -45 -45 -45 -45
DM1 -21 -27 -21 -27
DM1 6 -36 3 -21
DM1 -45 -21 -45 -21
DM1 -45 -21 -45 -24
DM1 -21 -24 -21 -24
DM1 -45 -45 -45 -45
