SCA6 0 -6 3 -6
SCA6 0 -6 0 -18
SCA6 0 3 0 3
SCA6 0 0 0 0
SCA6 -18 -6 -18 -6
SCA6 -6 0 -6 3
SCA6 -3 -6 -3 -6
SCA6 0 -6 0 -6
SCA6 -18 -6 0 -6
SCA6 0 0 0 0
SCA6 -18 -6 -18 -6
SCA6 -6 -6 -6 -6
SCA6 -3 -6 -3 -6
SCA6 -6 -6 -6 -6
SCA6 -3 -6 -3 -6
SCA6 -6 -6 -6 -6
SCA6 -6 0 -6 0
SCA6 -3 -6 -3 -6
SCA6 0 0 0 0
SCA6 -3 -6 -3 -6
SCA6 0 -3 0 -3
SCA6 -6 -6 -6 -6
SCA6 -6 -3 -6 -3
SCA6 -6 0 -6 0
SCA6 0 -6 0 -6
SCA6 -3 0 -3 0
SCA6 0 0 0 0
SCA6 3 0 3 0
SCA6 -6 0 -6 0
SCA6 -6 -3 -6 -3
SCA6 -3 0 -3 0
SCA6 -3 -3 -3 -3
SCA6 -6 -3 -6 -3
SCA6 -18 -3 -18 -3
SCA6 -6 -18 -6 -18
SCA6 0 -6 0 -6
SCA6 0 0 0 3
SCA6 -6 -3 -6 -3
SCA6 0 -6 0 -6
SCA6 0 -6 0 -6
SCA6 -3 -3 -3 -3
SCA6 -3 -6 -3 -6
SCA6 0 0 0 0
SCA6 -3 0 -3 0
SCA6 0 -3 0 -3
SCA6 3 -6 0 -6
SCA6 -6 -3 -6 -3
SCA6 -3 -3 -3 -3
SCA6 -18 -6 -18 -6
SCA6 -6 -18 -6 -18
SCA6 -6 -6 -6 -6
SCA6 -6 -3 -6 -3
SCA6 -3 0 -3 0
SCA6 -6 -6 -6 -6
SCA6 -3 -6 -3 -6
SCA6 -3 -3 -6 -3
SCA6 -6 -6 -6 -6
SCA6 0 0 0 0
SCA6 -6 -6 -6 -6
SCA6 -15 -6 -3 -6
SCA6 -6 -6 -6 -6
SCA6 0 -3 0 -3
SCA6 0 3 0 0
SCA6 0 0 0 0
SCA6 -6 3 -6 -6
SCA6 -3 -18 -3 -18
SCA6 -3 -3 -3 -3
SCA6 0 -6 0 -6
SCA6 -6 -18 -6 -18
SCA6 -6 -3 -6 -3
SCA6 0 -6 0 -6
SCA6 -6 -18 -6 -18
SCA6 3 -6 0 -6
SCA6 -6 3 -6 0
SCA6 0 0 0 0
SCA6 -6 -27 -27 -6
SCA6 0 -6 0 -6
SCA6 0 0 0 -18
SCA6 0 -3 0 -3
SCA6 0 -6 0 -6
SCA6 -18 0 -18 0
SCA6 -6 0 -6 3
SCA6 -3 0 -3 0
SCA6 -3 -3 -3 -3
SCA6 -6 -6 -6 -6
SCA6 0 -6 0 -6
SCA6 -3 0 -3 0
SCA6 3 -6 -18 -6
SCA6 0 -6 3 -6
SCA6 -3 0 -3 0
SCA6 -18 -6 -18 -6
SCA6 -15 0 0 0
SCA6 -6 -6 -6 -6
SCA6 3 -3 3 0
SCA6 -6 0 0 -6
SCA6 -6 -6 -6 -6
SCA6 -6 -3 -6 -6
SCA6 0 -6 0 -6
SCA6 -6 -18 -6 -18
SCA6 -6 -3 -6 -3
SCA6 -3 -6 -3 -6
SCA6 -18 0 -18 0
SCA6 -3 -6 -3 -6
SCA6 -3 -18 -3 -18
SCA6 -3 -3 -3 -3
SCA6 -6 -6 -6 -6
SCA6 -6 -18 -6 -18
SCA6 -6 -6 -18 -6
SCA6 -18 0 -18 0
SCA6 -3 -6 -3 -6
SCA6 -18 -6 -18 -6
SCA6 -3 0 -3 0
SCA6 0 -18 0 -18
SCA6 0 -6 0 -6
SCA6 -6 -3 -6 -3
SCA6 0 0 0 0
SCA6 0 -3 0 -3
SCA6 -6 -3 -6 -3
SCA6 -3 -18 0 -18
SCA6 0 -6 0 -6
SCA6 0 -3 0 -3
SCA6 -6 -6 -6 -6
SCA6 0 -3 0 -3
SCA6 -6 -6 -6 -6
SCA6 -6 -3 -6 -3
SCA6 -6 0 15 0
SCA6 -18 -3 -18 -3
SCA6 -6 -15 -6 -3
SCA6 0 0 -18 0
SCA6 0 -3 0 -3
SCA6 -6 -18 -6 -18
SCA6 3 -6 0 -6
SCA6 -6 -6 -6 -6
SCA6 0 -3 0 -3
SCA6 0 -6 0 -6
SCA6 -6 0 -6 0
SCA6 -3 -3 -3 -3
SCA6 -6 -6 -6 -6
SCA6 0 -6 0 -6
SCA6 0 -6 0 -6
SCA6 0 -6 0 -6
SCA6 -3 -6 -3 -6
SCA6 0 -6 0 -6
SCA6 -3 -6 -3 -6
SCA6 -3 -3 -3 -3
SCA6 0 0 0 0
SCA6 -6 -6 -6 -6
SCA6 0 0 0 0
SCA6 0 -6 0 -6
SCA6 0 -18 0 -18
SCA6 0 -6 0 -6
SCA6 -6 -6 -18 -6
SCA6 -18 -3 -18 -3
SCA6 -6 -6 -6 -6
SCA6 0 0 0 0
SCA6 -6 0 -6 0
SCA6 -6 -6 -6 -6
SCA6 -18 0 0 0
SCA6 -6 -6 -6 -6
SCA6 -6 0 -6 0
SCA6 0 0 0 0
SCA6 -6 -3 -6 -3
SCA6 -6 0 -6 0
SCA6 -3 -6 -3 -6
SCA6 0 -6 0 -6
SCA6 -6 -6 -6 -6
SCA6 -6 0 -6 0
SCA6 -6 0 -6 0
SCA6 0 0 0 0
SCA6 -3 -6 -3 -6
SCA6 -3 -3 0 -3
SCA6 -15 -3 0 -3
SCA6 0 0 0 0
SCA6 0 0 0 0
SCA6 -12 -6 -12 -6
SCA6 -6 -6 -18 -6
SCA6 0 -6 0 -6
SCA6 -6 -6 -6 -6
SCA6 -6 0 -6 3
SCA6 -6 -6 -6 -6
SCA6 0 3 0 3
SCA6 -18 -6 -18 -6
SCA6 0 0 0 0
SCA6 -6 -6 -6 -6
SCA6 0 -6 0 -6
SCA6 -18 0 -18 0
SCA6 -3 -6 -3 -6
SCA6 3 -6 6 -6
SCA6 -3 0 -3 0
SCA6 -6 0 -6 0
SCA6 0 0 0 0
SCA6 -6 -3 0 -6
SCA6 -6 -6 -6 -6
SCA6 -6 0 -6 0
SCA6 -15 -6 -6 -6
SCA6 -6 0 -6 0
SCA6 0 0 0 0
SCA6 -3 -3 -3 -3
SCA6 0 -18 0 -18
SCA6 -3 0 -3 0
SCA6 3 -6 0 -6
SCA6 -3 0 -3 0
SCA6 0 -18 0 -18
SCA6 3 0 3 0
SCA6 0 -6 -3 -6
SCA6 -6 -6 -6 -6
SCA6 -6 -6 -6 -6
SCA6 -3 0 -3 0
SCA6 -3 -3 -3 -3
SCA6 -6 -3 -6 -3
SCA6 0 0 0 0
SCA6 0 -6 0 -6
SCA6 0 -6 0 -6
SCA6 0 0 -6 0
SCA6 3 -3 0 -3
SCA6 0 -6 0 -6
SCA6 -6 0 -6 0
SCA6 0 -3 0 -3
SCA6 -18 -6 -18 -6
SCA6 -6 -3 -6 -3
SCA6 0 0 0 0
SCA6 0 -3 0 -3
SCA6 0 0 0 0
SCA6 0 0 0 0
SCA6 0 -6 0 -6
SCA6 -6 0 -6 0
SCA6 -27 -6 -27 -6
SCA6 0 0 0 0
SCA6 0 -6 0 -6
SCA6 -6 -6 -6 -6
SCA6 -6 -18 -6 -18
SCA6 -6 -6 -6 -6
SCA6 0 0 0 0
SCA6 -3 -6 -3 -6
SCA6 0 0 0 0
SCA6 -6 0 -6 0
SCA6 -6 0 -6 0
SCA6 -6 -6 -6 -6
SCA6 0 -18 0 -18
SCA6 0 -3 0 -3
SCA6 -3 -6 -3 -6
SCA6 -6 0 -6 0
SCA6 0 0 0 0
SCA6 -6 -6 -6 -6
SCA6 0 -6 0 -6
SCA6 0 0 3 -3
SCA6 -3 0 -3 0
SCA6 -6 -18 -6 -18
SCA6 0 -6 0 -6
SCA6 -6 0 -6 0
SCA6 -6 0 -6 0
SCA6 -6 -18 -6 -18
SCA6 0 -3 0 -3
SCA6 0 -6 0 -6
SCA6 0 3 0 0
SCA6 -3 -6 -3 -6
SCA6 3 -3 3 -3
SCA6 0 3 0 3
SCA6 0 0 0 0
SCA6 -3 -6 -3 -6
SCA6 -6 -6 -6 -6
SCA6 -18 0 -18 0
SCA6 -3 -18 -3 -18
SCA6 -3 0 -3 0
SCA6 -6 -18 -6 -18
SCA6 -6 -6 -6 -6
SCA6 -6 -6 -6 -6
SCA6 0 0 0 0
SCA6 -6 -3 -6 -3
SCA6 0 3 0 0
SCA6 0 0 0 0
SCA6 -6 -6 -6 -6
SCA6 -18 -3 -18 0
SCA6 -6 -3 -6 -6
SCA6 -18 -3 -18 -3
SCA6 -3 -15 -3 -3
SCA6 -18 0 -18 0
SCA6 -3 -6 -3 -6
SCA6 -6 -6 -6 -6
SCA6 -3 -6 3 -6
SCA6 0 -18 0 -18
SCA6 3 -6 -3 -6
SCA6 0 -6 0 -6
SCA6 0 0 0 0
SCA6 -3 3 -3 3
SCA6 3 -6 3 -6
SCA6 -6 0 -6 0
SCA6 -3 0 -3 0
SCA6 -6 6 -6 0
SCA6 -6 -3 -6 -3
SCA6 -6 0 -6 0
SCA6 -3 -6 -3 -6
SCA6 -18 -3 -18 -3
SCA6 0 3 0 3
SCA6 3 -6 3 -6
SCA6 -6 3 -6 0
SCA6 -3 3 -3 3
SCA6 -18 -6 -18 -6
SCA6 -3 -18 -3 -18
SCA6 -6 -6 -6 -6
SCA6 0 0 0 0
SCA6 -6 -6 -6 -15
SCA6 -6 -6 -6 -6
SCA6 0 -6 0 -6
SCA6 -6 -6 -6 -6
SCA6 -6 -3 -6 -3
SCA6 0 -6 0 -6
SCA6 -6 0 0 0
SCA6 -18 -6 -18 -6
SCA6 0 -6 0 -6
SCA6 -18 0 -18 0
SCA6 -6 0 -6 0
SCA6 -3 0 -3 0
SCA6 -18 -18 -18 -18
SCA6 0 0 0 0
SCA6 -6 -3 -6 -3
SCA6 -6 0 -6 0
SCA6 -6 -18 -6 -18
SCA6 -27 -6 -27 -6
SCA6 -6 -3 -6 -3
SCA6 -6 0 -6 0
SCA6 -3 0 -3 0
SCA6 3 -6 0 3
SCA6 -3 -3 -3 -3
SCA6 -3 -6 -3 -6
SCA6 -6 -3 -6 -3
SCA6 -6 -6 -6 -6
SCA6 -18 0 -18 0
SCA6 3 0 0 0
SCA6 -3 -3 -3 -3
SCA6 0 -6 0 -6
SCA6 -6 -6 -6 -6
SCA6 3 -3 -3 -6
SCA6 -6 -6 -6 -6
SCA6 -6 0 -6 3
SCA6 -6 -6 -6 -6
SCA6 -6 -6 -6 -6
SCA6 -3 0 -3 0
SCA6 -3 -3 -3 -3
SCA6 0 -6 0 -6
SCA6 -3 -6 -3 -6
SCA6 -3 0 -3 0
SCA6 0 0 0 -12
SCA6 -3 -6 -3 -6
SCA6 0 0 0 0
SCA6 -6 -6 -6 -6
SCA6 -18 -6 -3 -6
SCA6 -18 0 -18 0
SCA6 -6 -6 -6 -6
SCA6 -6 -6 -6 -6
SCA6 0 -3 3 -3
SCA6 0 0 0 -6
SCA6 -6 -6 -6 -6
SCA6 -18 -6 -18 -6
SCA6 -3 -6 -3 -6
SCA6 0 -3 0 -3
SCA6 0 -3 0 0
SCA6 0 0 0 0
SCA6 0 -6 0 -6
SCA6 -18 -6 -18 -6
SCA6 0 -6 0 -6
SCA6 -18 -6 -18 -6
SCA6 -6 -6 -6 -6
SCA6 -18 -18 -18 -18
SCA6 -6 -6 -6 -6
SCA6 -6 -6 -6 -6
SCA6 -27 0 -27 0
SCA6 0 -3 0 -3
SCA6 0 -6 0 -6
SCA6 -18 3 -18 0
SCA6 -6 0 -6 0
SCA6 -6 0 -6 0
SCA6 -6 -6 -6 -6
SCA6 -6 -18 -6 -18
SCA6 -6 0 -6 0
SCA6 -3 -3 -3 -3
SCA6 -12 0 0 0
SCA6 -6 -18 -6 -18
SCA6 -3 0 -3 0
SCA6 3 0 3 -3
SCA6 -3 -3 -3 -6
SCA6 0 -3 0 -3
SCA6 -6 -6 -6 -6
SCA6 0 -3 0 -3
SCA6 -6 3 -6 3
SCA6 -6 0 -6 0
SCA6 -3 -6 -3 -6
SCA6 -3 3 -3 0
SCA6 -6 0 -6 0
SCA6 -3 -18 -3 -18
SCA6 -6 -6 -6 -6
SCA6 0 0 0 0
SCA6 0 -18 0 -18
SCA6 -6 -18 -6 -18
SCA6 -6 -6 -6 -6
SCA6 0 -3 -18 -3
SCA6 -6 0 -6 0
SCA6 -6 0 -6 0
SCA6 -6 -3 -6 0
SCA6 -6 0 -6 0
SCA6 -6 -3 -6 -3
SCA6 -3 0 -3 0
SCA6 -6 0 -6 0
SCA6 -6 0 -6 0
SCA6 -6 0 -6 0
SCA6 -6 -6 -6 -6
SCA6 -6 -6 -6 -6
SCA6 -6 -18 -6 -18
SCA6 3 -18 0 -18
SCA6 -18 -3 -18 -3
SCA6 -6 -6 -6 -6
SCA6 0 -3 0 -3
SCA6 0 -6 0 -6
SCA6 -6 -18 -6 0
SCA6 0 -6 0 -6
SCA6 -6 -6 -6 -6
SCA6 -3 -6 -3 -6
SCA6 -18 -18 -18 -18
SCA6 -6 -6 -6 -6
SCA6 0 -6 0 -6
SCA6 0 -6 0 -6
SCA6 0 0 0 -3
SCA6 -6 3 -6 3
SCA6 0 0 0 0
SCA6 -27 -3 -27 -3
SCA6 3 -3 -6 -3
SCA6 -3 -6 -3 -6
SCA6 3 3 3 0
SCA6 -18 0 -18 0
SCA6 -6 0 -6 0
SCA6 -6 -6 -6 -6
SCA6 3 -6 3 -6
SCA6 -6 0 -6 0
SCA6 -3 -3 -3 -3
SCA6 -3 -3 -3 -3
SCA6 0 0 0 0
SCA6 -3 0 -3 0
SCA6 -18 -18 -18 -18
SCA6 0 0 0 0
SCA6 -3 0 -3 0
SCA6 0 3 0 3
SCA6 -6 -6 -6 -6
SCA6 -3 -6 -3 -6
SCA6 0 0 0 0
SCA6 0 -6 0 -6
SCA6 -6 3 -3 0
SCA6 -3 3 -6 0
SCA6 0 0 0 0
SCA6 -18 0 -18 0
SCA6 -18 0 -18 0
SCA6 -3 -3 -3 -6
SCA6 -3 -18 -3 -18
SCA6 -3 0 -3 0
SCA6 -18 0 -18 0
SCA6 3 0 3 0
SCA6 0 -6 0 -6
SCA6 0 -6 0 -6
SCA6 0 0 0 0
SCA6 0 -3 0 -3
SCA6 -18 -18 -18 -18
SCA6 -3 -6 -3 -6
SCA6 -3 0 -3 0
SCA6 0 -6 0 0
SCA6 -6 0 -6 0
SCA6 0 0 0 0
SCA6 -6 -3 0 -3
SCA6 -6 0 -6 0
SCA6 -3 -3 -3 -3
SCA6 -6 0 -6 0
SCA6 3 -6 0 -6
SCA6 -18 3 -18 3
SCA6 -18 -27 -18 -27
SCA6 -6 -6 -6 -6
SCA6 -3 -6 -3 -6
SCA6 -6 3 -6 -6
SCA6 -6 -3 -6 -3
SCA6 -3 -6 -3 -6
SCA6 -3 -18 -3 -6
SCA6 0 0 0 0
SCA6 0 -6 0 -6
SCA6 -3 -3 -3 -3
SCA6 -6 -3 -6 -3
SCA6 3 -6 3 -6
SCA6 0 -3 0 -3
SCA6 -6 -6 -6 -6
SCA6 -6 -3 -6 -3
SCA6 0 -6 0 -6
SCA6 0 -3 0 -3
SCA6 -6 -18 -6 -18
SCA6 -6 0 -6 3
SCA6 -6 0 -6 0
SCA6 -18 -18 -18 -18
SCA6 -6 -6 -6 -6
SCA6 -6 -6 -6 -6
SCA6 3 0 3 0
SCA6 -3 -6 -3 -6
SCA6 0 -6 -6 -6
SCA6 0 0 0 0
SCA6 -6 -6 -6 -6
SCA6 -3 0 -3 0
SCA6 -3 0 -3 0
SCA6 -6 -3 -6 -3
SCA6 -6 -3 -6 -3
SCA6 0 0 0 0
SCA6 -3 -3 -3 -3
SCA6 -18 -18 0 -18
SCA6 -3 0 -3 0
SCA6 0 -6 0 -6
SCA6 -18 3 -18 3
SCA6 -6 0 -6 0
SCA6 -6 0 -6 0
SCA6 -6 -18 -6 -18
SCA6 -6 -18 -6 -18
SCA6 -3 0 -3 0
SCA6 -3 -6 -3 -6
SCA6 0 -6 0 -6
SCA6 -6 -6 -6 -6
SCA6 0 -6 0 -6
SCA6 -6 3 -6 3
SCA6 0 -6 0 -6
SCA6 -6 -6 -6 -6
SCA6 -6 -6 -18 -6
SCA6 0 -3 0 -3
SCA6 3 -3 3 -3
SCA6 -6 0 -6 0
SCA6 0 -6 0 -6
SCA6 -3 -3 -3 -3
SCA6 0 -3 0 -3
SCA6 -18 -18 -18 -18
SCA6 -6 0 -6 0
SCA6 0 -6 0 -6
SCA6 0 0 0 0
SCA6 -3 -6 -3 -6
SCA6 -3 -6 -3 -6
SCA6 0 0 0 0
SCA6 0 0 0 0
SCA6 -6 -18 -6 -18
SCA6 0 0 0 0
SCA6 -6 -3 -6 -3
SCA6 -18 -3 -18 -3
SCA6 -3 -3 -3 -3
SCA6 0 -6 0 -6
SCA6 -6 -6 -6 -6
SCA6 -6 -6 -6 -6
SCA6 -3 -6 0 -6
SCA6 0 -6 0 -6
SCA6 -3 -3 -3 -3
SCA6 -3 -6 -3 -6
SCA6 -3 -3 -3 -3
SCA6 -6 -18 -6 -18
SCA6 -18 -3 -18 -3
SCA6 -6 0 -6 0
SCA6 -6 -3 -6 -3
SCA6 -6 -6 -6 -6
SCA6 -6 3 -6 3
SCA6 -3 0 -3 0
SCA6 -6 -6 -6 -6
SCA6 -3 0 -3 0
SCA6 -3 -3 -3 -3
SCA6 0 0 0 0
SCA6 -3 -3 -3 -3
SCA6 0 -3 0 -3
SCA6 0 0 0 0
SCA6 -6 -6 -6 -6
SCA6 -3 -6 -3 -6
SCA6 0 0 0 0
SCA6 -6 -6 -6 -6
SCA6 3 -6 0 -6
SCA6 -6 -6 -6 -6
SCA6 -6 -6 -6 -6
SCA6 -18 0 -18 0
SCA6 0 -18 0 -18
SCA6 0 -6 0 -6
SCA6 -18 -6 -18 -6
SCA6 -6 -6 -6 -6
SCA6 0 -18 0 -18
SCA6 0 -6 0 -6
SCA6 0 0 0 0
SCA6 -3 3 -3 0
SCA6 -18 -3 -18 -3
SCA6 -3 -6 -3 -6
SCA6 -6 -3 -6 -3
SCA6 0 -6 0 -6
SCA6 -6 -3 -6 -3
SCA6 -3 0 -3 0
SCA6 -6 -3 -6 -3
SCA6 -3 0 -3 0
SCA6 -18 0 -18 0
SCA6 9 -6 -3 -6
SCA6 -6 -6 -6 -6
SCA6 0 0 0 0
SCA6 -6 -3 -6 -3
SCA6 0 -3 0 -3
SCA6 -3 -18 -3 -18
SCA6 0 0 0 0
SCA6 -6 -6 -6 -6
SCA6 3 -6 3 -6
SCA6 0 0 0 0
SCA6 0 3 0 3
SCA6 -18 -3 -18 -3
SCA6 -3 -6 -3 -6
SCA6 0 -6 0 -6
SCA6 -6 -3 -6 -3
SCA6 0 -6 0 -6
SCA6 0 -6 0 0
SCA6 -6 -6 -6 -6
SCA6 0 -3 0 -3
SCA6 -6 0 -6 0
SCA6 0 -6 0 0
SCA6 -18 0 -18 0
SCA6 -6 -6 -6 -6
SCA6 -3 -3 -3 -3
SCA6 0 -3 3 -3
SCA6 -3 -6 -3 -6
SCA6 0 -6 0 -6
SCA6 0 -6 0 -6
SCA6 -6 0 -6 0
SCA6 -6 0 -6 0
SCA6 -6 0 -6 0
SCA6 -3 0 -3 -6
SCA6 0 -18 0 -18
SCA6 -18 -6 -18 -6
SCA6 -3 -18 -3 -18
SCA6 -3 0 -3 0
SCA6 -6 -18 -6 -18
SCA6 -6 -3 -6 0
SCA6 0 -6 0 -6
SCA6 -6 3 -6 0
SCA6 -3 0 -3 0
SCA6 0 -6 0 -6
SCA6 -6 0 -6 0
SCA6 -18 -6 -18 -6
SCA6 0 0 0 0
SCA6 -6 -3 -6 -3
SCA6 -6 -6 -6 -6
SCA6 0 -6 0 -6
SCA6 -6 -6 -6 -6
SCA6 -6 0 0 -6
SCA6 0 0 0 0
SCA6 0 -3 0 -3
SCA6 6 0 0 0
SCA6 -18 0 -18 0
SCA6 -6 0 -6 0
SCA6 0 0 0 0
SCA6 3 -18 3 -18
SCA6 -6 -6 -6 -6
SCA6 -3 -6 -3 -6
SCA6 -6 -6 -6 -6
SCA6 0 0 0 0
SCA6 0 -18 0 0
SCA6 -27 3 -27 0
SCA6 0 9 0 3
SCA6 -3 0 -3 0
SCA6 -6 -6 -6 -6
SCA6 0 0 0 0
SCA6 0 -6 0 -6
SCA6 -6 -6 -6 -6
SCA6 -6 -6 -6 -6
SCA6 3 -6 3 -6
SCA6 -6 -6 -6 -6
SCA6 -3 -6 -3 -6
SCA6 0 -6 -6 -6
SCA6 -18 0 -18 0
SCA6 -3 0 -3 0
SCA6 0 -6 0 -6
SCA6 -18 -6 -18 -6
SCA6 -3 0 -3 3
SCA6 0 3 0 0
SCA6 0 -6 0 -6
SCA6 0 3 0 0
SCA6 9 -6 -3 -6
SCA6 0 -6 0 -6
SCA6 -6 0 -6 0
SCA6 -3 -6 -3 -6
SCA6 -6 -3 -6 -3
SCA6 -3 -6 -3 -6
SCA6 -3 -18 -3 -18
SCA6 -3 -3 -3 -3
SCA6 -6 15 -6 -6
SCA6 -3 -6 -3 -6
SCA6 0 -3 0 -3
SCA6 0 3 0 3
SCA6 -6 -6 -6 -6
SCA6 -6 0 -6 0
SCA6 0 -6 0 -6
SCA6 3 0 3 0
SCA6 0 -6 0 -6
SCA6 -3 -6 -3 -6
SCA6 0 0 0 0
SCA6 -3 -6 -3 -6
SCA6 0 3 0 3
SCA6 -6 -18 -6 -18
SCA6 0 -6 0 -6
SCA6 -3 -6 -3 -6
SCA6 -6 -3 -6 -3
SCA6 0 -6 0 -6
SCA6 -6 -3 -6 -3
SCA6 -6 -3 -6 -3
SCA6 -6 -6 -6 -6
SCA6 -18 0 -18 3
SCA6 -6 -3 -6 -3
SCA6 -6 -6 -6 -6
SCA6 -3 -15 -3 0
SCA6 -6 -6 -6 -6
SCA6 0 0 0 3
SCA6 0 -6 0 -6
SCA6 -3 -3 -3 -3
SCA6 -6 -3 -6 -3
SCA6 -3 0 -3 0
SCA6 -6 -18 -6 -18
SCA6 -6 -3 -6 -3
SCA6 -6 0 -6 0
SCA6 -6 0 -6 0
SCA6 0 -6 0 -6
SCA6 -6 0 -6 0
SCA6 -6 -12 -6 -6
SCA6 -3 -6 -3 -6
SCA6 -3 -12 -3 -12
SCA6 3 -6 0 -6
SCA6 -6 -18 -6 -18
SCA6 -18 0 0 3
SCA6 -3 -3 -3 -3
SCA6 0 0 0 0
SCA6 -6 -18 -6 -18
SCA6 -6 0 -6 0
SCA6 0 0 0 0
SCA6 0 3 0 3
SCA6 -6 -6 -6 -6
SCA6 -3 -3 -3 9
SCA6 -6 -6 -6 -6
SCA6 0 -3 0 -3
SCA6 -18 -6 -18 -6
SCA6 0 0 0 0
SCA6 -6 -3 -6 -3
SCA6 0 0 0 0
SCA6 0 0 0 0
SCA6 -6 -18 -6 -18
SCA6 0 3 0 3
SCA6 -3 0 -3 0
SCA6 -6 -3 -6 -3
SCA6 0 0 0 0
SCA6 -6 -3 -6 -3
SCA6 -6 -6 -6 -6
SCA6 -6 -6 -18 -6
SCA6 -15 3 -15 3
SCA6 -18 -18 -18 -18
SCA6 -6 0 -6 0
SCA6 6 -3 0 -3
SCA6 -18 -6 -18 -6
SCA6 -3 -3 -3 -3
SCA6 0 0 0 0
SCA6 -6 0 -6 -18
SCA6 0 0 3 0
SCA6 -6 -6 -6 -6
SCA6 -6 0 -6 0
SCA6 -6 -6 -6 -6
SCA6 -6 -6 -6 -6
SCA6 -18 0 -6 0
SCA6 -3 -18 -3 -18
SCA6 0 -3 0 -3
SCA6 0 -6 0 -6
SCA6 -3 -18 -3 -18
SCA6 0 0 0 0
SCA6 -6 0 -6 0
SCA6 0 0 0 0
SCA6 -3 0 -3 0
SCA6 -18 0 0 0
SCA6 0 -6 0 -6
SCA6 0 -18 0 -18
SCA6 -6 -6 -6 -6
SCA6 -3 0 -3 0
SCA6 -18 0 -18 0
SCA6 0 -3 0 -3
SCA6 -18 0 -18 0
SCA6 0 -6 0 -6
SCA6 0 0 0 0
SCA6 0 -6 0 -6
SCA6 -6 -6 -6 -6
SCA6 -6 -18 -6 -18
SCA6 -3 -3 -3 -3
SCA6 0 -27 3 -27
SCA6 -6 -3 -6 -3
SCA6 -6 0 -6 3
SCA6 -6 0 -6 3
SCA6 -3 0 -3 0
SCA6 -6 -6 -6 -6
SCA6 -6 -6 -6 -12
SCA6 0 -6 0 -6
SCA6 0 0 0 0
SCA6 0 0 0 0
SCA6 -3 -3 -3 -3
SCA6 -18 -18 -18 -18
SCA6 0 -3 0 -3
SCA6 0 -6 0 -6
SCA6 -18 -6 -18 -6
SCA6 -6 -18 -6 -18
SCA6 0 -3 0 0
SCA6 -6 -6 -6 -6
SCA6 -6 3 -6 3
SCA6 -3 -6 -3 -6
SCA6 -6 -6 -6 -6
SCA6 -18 -6 -18 -6
SCA6 -3 0 0 0
SCA6 0 0 0 0
SCA6 -3 -3 -3 -3
SCA6 0 -3 0 -3
SCA6 -3 -6 -3 -6
SCA6 0 -3 0 -3
SCA6 -18 0 -18 0
SCA6 -3 -6 -3 -6
SCA6 0 3 0 0
SCA6 -18 -6 -18 -6
SCA6 -6 -3 -6 -3
SCA6 0 -18 0 -18
SCA6 -3 -3 -3 -3
SCA6 -18 -6 -6 -18
SCA6 -6 -6 -6 -6
SCA6 -6 -18 -6 -18
SCA6 0 -6 0 -6
SCA6 -6 -6 0 -6
SCA6 -6 -6 -6 -6
SCA6 -3 0 -3 0
SCA6 -6 -6 -6 -6
SCA6 0 -18 0 -18
SCA6 3 -6 3 -6
SCA6 0 0 0 0
SCA6 -6 -3 -6 -3
SCA6 -3 -6 0 -6
SCA6 -3 0 -3 0
SCA6 0 -3 0 -3
SCA6 0 -6 0 -6
SCA6 -6 0 -6 0
SCA6 -18 -6 -18 -6
SCA6 -12 0 -6 -12
SCA6 3 -6 3 -6
SCA6 -6 -6 -6 -6
SCA6 -6 -6 -6 -6
SCA6 0 -6 0 -6
SCA6 0 -3 0 0
SCA6 -6 -3 -6 -3
SCA6 0 0 0 0
SCA6 0 0 0 0
SCA6 0 -18 0 -18
SCA6 -18 0 -18 0
SCA6 -6 -6 -6 -6
SCA6 -6 0 -6 0
SCA6 0 0 -18 0
SCA6 -6 -3 -6 -3
SCA6 -18 -3 -18 0
SCA6 0 -18 -3 -18
SCA6 -6 -6 -6 -6
SCA6 0 -18 0 -18
SCA6 0 -6 0 -6
SCA6 -6 -6 -6 -6
SCA6 0 -3 0 -3
SCA6 -3 0 -3 3
SCA6 -6 -6 -6 -6
SCA6 -18 -3 -18 -3
SCA6 -3 -6 -3 -6
SCA6 -3 3 -3 3
SCA6 -3 0 -3 0
SCA6 -18 -27 -18 -27
SCA6 -6 0 -6 0
SCA6 0 -6 0 -6
SCA6 0 0 0 0
SCA6 -6 0 -6 0
SCA6 0 -18 0 -18
SCA6 -3 -18 -3 -18
SCA6 0 -3 0 -3
SCA6 -6 3 -6 0
SCA6 -6 -6 -6 -6
SCA6 -6 0 -6 0
SCA6 -6 -6 -6 -6
SCA6 -15 0 0 0
SCA6 -18 3 -18 3
SCA6 -6 -6 -6 -6
SCA6 -3 -6 -3 -6
SCA6 -6 0 -6 0
SCA6 -3 -18 -3 -18
SCA6 -6 -6 -6 -6
SCA6 -6 0 -6 -3
SCA6 -6 -6 -6 -18
SCA6 -6 0 -6 0
SCA6 0 3 0 0
SCA6 -6 -6 -6 -6
SCA6 0 3 0 3
SCA6 0 -6 0 -6
SCA6 -3 3 -3 3
SCA6 0 -18 0 -18
SCA6 -18 -18 -6 -18
SCA6 -6 -6 -6 -6
SCA6 -18 0 -18 0
SCA6 -6 -6 -6 -6
SCA6 -6 -3 -6 -3
SCA6 -6 0 -6 0
SCA6 -6 -6 -6 -6
SCA6 0 0 0 0
SCA6 -3 0 -3 0
SCA6 -3 -3 -18 -3
SCA6 3 -18 0 -18
SCA6 -6 0 -6 0
SCA6 -18 -3 -18 -3
SCA6 0 -6 3 -6
SCA6 -6 -3 -6 -3
SCA6 -6 0 -6 0
SCA6 -3 0 -3 0
SCA6 3 0 3 0
SCA6 0 3 0 -6
SCA6 -6 -18 -6 -18
SCA6 -6 -6 -6 -6
SCA6 -3 0 -3 0
SCA6 -6 0 -6 0
SCA6 -6 -6 -6 -6
SCA6 -3 0 -3 0
SCA6 -18 0 -18 0
SCA6 -6 -6 -6 -6
SCA6 -3 0 -3 0
SCA6 -6 -6 -6 -6
SCA6 -3 -3 -3 -3
SCA6 -6 0 -6 0
SCA6 -3 0 -3 0
SCA6 -6 -6 -6 -6
SCA6 -3 0 -3 0
SCA6 -6 -6 -6 -6
SCA6 0 0 0 0
SCA6 -3 0 -3 0
SCA6 -6 0 -6 0
SCA6 -3 -6 -3 -6
SCA6 -3 -3 -3 -3
SCA6 0 0 0 0
SCA6 0 0 0 0
SCA6 0 3 0 0
SCA6 -6 0 -6 0
SCA6 -6 -3 -6 -3
SCA6 0 -12 0 0
SCA6 0 -6 0 -6
SCA6 -6 0 -6 0
SCA6 3 -6 0 -6
SCA6 -6 0 -6 0
SCA6 -6 -27 -6 -27
SCA6 0 0 0 0
SCA6 0 3 0 0
SCA6 -3 0 -3 0
SCA6 -6 -6 -6 -6
SCA6 -18 0 -18 -3
SCA6 0 -3 0 -3
SCA6 -3 -3 -3 -3
SCA6 -6 0 -6 0
SCA6 -6 0 -6 3
SCA6 0 -3 0 -3
SCA6 -6 0 -6 0
SCA6 -6 0 -6 0
SCA6 -6 -6 -6 -6
SCA6 0 3 0 0
SCA6 0 -3 0 -3
SCA6 -18 0 -18 0
SCA6 -6 -6 -6 -6
SCA6 -3 -18 9 -18
